Nodes
0	0	1	0	660
1	0	1	120	600
2	0	1	120	600
3	0	1	120	600
4	0	1	120	600
5	0	1	120	600
6	0	1	120	600
7	0	1	120	600
8	0	1	120	600
9	0	1	120	600
10	0	1	120	660
17538	9	0	120	300
18822	7	0	360	540
19335	14	0	120	300
17036	6	0	360	540
18833	11	0	360	540
18322	11	0	360	540
17812	7	0	360	540
19605	10	0	120	300
17047	12	0	360	540
17049	7	0	360	540
18969	11	0	120	300
18074	10	0	120	300
18972	9	0	120	300
17563	10	0	120	300
19103	18	0	120	300
17058	14	0	360	540
17828	6	0	360	540
17957	4	0	360	540
19111	5	0	120	300
17834	14	0	360	540
19372	10	0	120	300
19503	3	0	120	300
19120	7	0	120	300
18353	12	0	360	540
17843	10	0	360	540
19124	9	0	120	300
18229	6	0	360	540
18616	10	0	360	540
19130	14	0	120	300
18619	11	0	360	540
17853	10	0	360	540
19518	10	0	120	300
19008	3	0	120	300
17217	12	0	360	540
19139	10	0	120	300
17860	12	0	360	540
19148	14	0	120	300
19405	9	0	120	300
18640	9	0	360	540
18641	13	0	360	540
19153	4	0	120	300
17872	13	0	360	540
17364	14	0	120	300
18518	6	0	360	540
19032	7	0	120	300
19035	7	0	120	300
17502	12	0	120	300
19422	14	0	120	300
19041	7	0	120	300
18917	13	0	120	300
17512	12	0	120	300
17262	9	0	360	540
18031	10	0	120	300
19067	7	0	120	300
18942	7	0	120	300
Arcs
0	17538	4529	123
1	17538	4529	123
17538	1	5749	123
2	17538	4529	123
17538	2	5749	123
3	17538	4529	123
17538	3	5749	123
4	17538	4529	123
17538	4	5749	123
5	17538	4529	123
17538	5	5749	123
6	17538	4529	123
17538	6	5749	123
7	17538	4529	123
17538	7	5749	123
8	17538	4529	123
17538	8	5749	123
9	17538	4529	123
17538	9	5749	123
17538	10	5749	123
18822	17538	11272	267
17538	18822	5345	267
19335	17538	1699	62
17538	19335	-440	62
17036	17538	1384	55
17538	17036	-5318	55
18833	17538	8968	218
17538	18833	10188	218
18322	17538	6044	155
17538	18322	7264	155
17812	17538	4342	119
17538	17812	5562	119
19605	17538	1382	55
17538	19605	-156	55
17047	17538	3808	107
17538	17047	-3747	107
17049	17538	4074	113
17538	17049	4721	113
18969	17538	3725	105
17538	18969	2146	105
18074	17538	2899	88
17538	18074	2840	88
18972	17538	5023	133
17538	18972	3918	133
17563	17538	856	44
17538	17563	-3868	44
19103	17538	4320	118
17538	19103	1439	118
17058	17538	4494	122
17538	17058	-1897	122
17828	17538	3550	102
17538	17828	3577	102
17957	17538	2994	90
17538	17957	220	90
19111	17538	4620	125
17538	19111	4454	125
17834	17538	3922	110
17538	17834	1493	110
19372	17538	1518	58
17538	19372	2405	58
19503	17538	2683	83
17538	19503	1068	83
19120	17538	4538	123
17538	19120	5496	123
18353	17538	5899	152
17538	18353	4089	152
17843	17538	4291	118
17538	17843	4042	118
19124	17538	4679	126
17538	19124	4759	126
18229	17538	4851	130
17538	18229	3035	130
18616	17538	8376	205
17538	18616	-2698	205
19130	17538	4321	118
17538	19130	1859	118
18619	17538	7858	194
17538	18619	9078	194
17853	17538	4062	113
17538	17853	2252	113
19518	17538	1971	68
17538	19518	-706	68
19008	17538	3512	101
17538	19008	2180	101
17217	17538	5024	133
17538	17217	1671	133
19139	17538	4105	114
17538	19139	1270	114
17860	17538	4430	121
17538	17860	867	121
19148	17538	4498	122
17538	19148	3321	122
19405	17538	3544	102
17538	19405	2907	102
18640	17538	7549	187
17538	18640	3795	187
18641	17538	7721	191
17538	18641	8941	191
19153	17538	4008	112
17538	19153	5228	112
17872	17538	3775	107
17538	17872	4995	107
17364	17538	841	44
17538	17364	-9157	44
18518	17538	7812	193
17538	18518	8115	193
19032	17538	3837	108
17538	19032	3608	108
19035	17538	3745	106
17538	19035	3787	106
17502	17538	-100	23
17538	17502	156	23
19422	17538	4081	113
17538	19422	5301	113
19041	17538	3634	104
17538	19041	4854	104
18917	17538	4287	118
17538	18917	2393	118
17512	17538	-778	9
17538	17512	-1106	9
17262	17538	5572	145
17538	17262	6792	145
18031	17538	2928	88
17538	18031	1907	88
19067	17538	6068	156
17538	19067	6585	156
18942	17538	5105	135
17538	18942	5126	135
0	18822	-143	150
1	18822	-143	150
18822	1	7004	150
2	18822	-143	150
18822	2	7004	150
3	18822	-143	150
18822	3	7004	150
4	18822	-143	150
18822	4	7004	150
5	18822	-143	150
18822	5	7004	150
6	18822	-143	150
18822	6	7004	150
7	18822	-143	150
18822	7	7004	150
8	18822	-143	150
18822	8	7004	150
9	18822	-143	150
18822	9	7004	150
18822	10	7004	150
19335	18822	4522	250
18822	19335	8309	250
17036	18822	4836	256
18822	17036	4061	256
18833	18822	-3468	78
18822	18833	3679	78
18322	18822	-766	136
18822	18322	6381	136
17812	18822	3162	220
18822	17812	10310	220
19605	18822	2772	212
18822	19605	7161	212
17047	18822	5365	268
18822	17047	3736	268
17049	18822	3684	232
18822	17049	10259	232
18969	18822	2268	201
18822	18969	6617	201
18074	18822	2492	206
18822	18074	8360	206
18972	18822	1113	177
18822	18972	5936	177
17563	18822	6420	290
18822	17563	7623	290
19103	18822	4148	242
18822	19103	7194	242
17058	18822	4356	246
18822	17058	3891	246
17828	18822	1194	178
18822	17828	7148	178
17957	18822	1936	194
18822	17957	5089	194
19111	18822	3789	234
18822	19111	9550	234
17834	18822	985	174
18822	17834	4484	174
19372	18822	4704	253
18822	19372	11519	253
19503	18822	2042	196
18822	19503	6354	196
19120	18822	3788	234
18822	19120	10674	234
18353	18822	-912	133
18822	18353	3205	133
17843	18822	2247	201
18822	17843	7926	201
19124	18822	3921	237
18822	19124	9928	237
18229	18822	-111	150
18822	18229	3999	150
18616	18822	-2790	93
18822	18616	-7938	93
19130	18822	4069	240
18822	19130	7533	240
18619	18822	-2272	104
18822	18619	4874	104
17853	18822	2648	209
18822	17853	6767	209
19518	18822	2892	215
18822	19518	6142	215
19008	18822	4361	246
18822	19008	8957	246
17217	18822	6581	294
18822	17217	9155	294
19139	18822	4193	243
18822	19139	7286	243
17860	18822	913	172
18822	17860	3278	172
19148	18822	4271	244
18822	19148	9022	244
19405	18822	3700	232
18822	19405	8990	232
18640	18822	-3376	80
18822	18640	-1202	80
18641	18822	-3497	78
18822	18641	3649	78
19153	18822	4473	249
18822	19153	11620	249
17872	18822	969	173
18822	17872	8117	173
17364	18822	7406	311
18822	17364	3335	311
18518	18822	-3686	74
18822	18518	2544	74
19032	18822	4616	252
18822	19032	10315	252
19035	18822	3725	232
18822	19035	9694	232
17502	18822	5843	278
18822	17502	12028	278
19422	18822	3137	220
18822	19422	10285	220
19041	18822	4021	239
18822	19041	11169	239
18917	18822	2468	206
18822	18917	6502	206
17512	18822	5786	277
18822	17512	11386	277
17262	18822	7128	305
18822	17262	14276	305
18031	18822	1458	184
18822	18031	6365	184
19067	18822	3101	219
18822	19067	9546	219
18942	18822	1357	182
18822	18942	7305	182
0	19335	1305	99
1	19335	1305	99
19335	1	4666	99
2	19335	1305	99
19335	2	4666	99
3	19335	1305	99
19335	3	4666	99
4	19335	1305	99
19335	4	4666	99
5	19335	1305	99
19335	5	4666	99
6	19335	1305	99
19335	6	4666	99
7	19335	1305	99
19335	7	4666	99
8	19335	1305	99
19335	8	4666	99
9	19335	1305	99
19335	9	4666	99
19335	10	4666	99
17036	19335	2163	118
19335	17036	-2399	118
18833	19335	6839	218
19335	18833	10199	218
18322	19335	2820	132
19335	18322	6180	132
17812	19335	5121	181
19335	17812	8481	181
19605	19335	-417	63
19335	19605	184	63
17047	19335	4312	164
19335	17047	-1103	164
17049	19335	4853	176
19335	17049	7641	176
18969	19335	-1074	48
19335	18969	-513	48
18074	19335	-1283	44
19335	18074	797	44
18972	19335	557	83
19335	18972	1593	83
17563	19335	-418	63
19335	17563	-3002	63
19103	19335	-739	56
19335	19103	-1480	56
17058	19335	5011	179
19335	17058	760	179
17828	19335	2816	132
19335	17828	4983	132
17957	19335	2260	120
19335	17957	1626	120
19111	19335	-439	62
19335	19111	1534	62
17834	19335	2999	136
19335	17834	2711	136
19372	19335	-3178	3
19335	19372	-151	3
19503	19335	-880	53
19335	19503	-355	53
19120	19335	-522	60
19335	19120	2576	60
18353	19335	2674	129
19335	18353	3005	129
17843	19335	4770	174
19335	17843	6662	174
19124	19335	-380	63
19335	19124	1839	63
18229	19335	2153	118
19335	18229	2478	118
18616	19335	6554	212
19335	18616	-2380	212
19130	19335	-738	56
19335	19130	-1060	56
18619	19335	6036	201
19335	18619	9396	201
17853	19335	4541	169
19335	17853	4873	169
19518	19335	-1533	39
19335	19518	-2070	39
19008	19335	-1548	38
19335	19008	-739	38
17217	19335	5527	190
19335	17217	4315	190
19139	19335	-954	51
19335	19139	-1649	51
17860	19335	3696	151
19335	17860	2274	151
19148	19335	-562	59
19335	19148	402	59
19405	19335	-1516	39
19335	19405	-12	39
18640	19335	5130	181
19335	18640	3516	181
18641	19335	5301	185
19335	18641	8662	185
19153	19335	-1052	49
19335	19153	2308	49
17872	19335	3040	137
19335	17872	6401	137
17364	19335	1264	99
19335	17364	-6593	99
18518	19335	5392	187
19335	18518	7837	187
19032	19335	-1222	45
19335	19032	688	45
19035	19335	-1314	43
19335	19035	867	43
17502	19335	678	86
19335	17502	3075	86
19422	19335	-979	51
19335	19422	2381	51
19041	19335	-1425	41
19335	19041	1934	41
18917	19335	-512	61
19335	18917	-265	61
17512	19335	-124	69
19335	17512	1687	69
17262	19335	6075	202
19335	17262	9436	202
18031	19335	123	74
19335	18031	1243	74
19067	19335	1008	93
19335	19067	3665	93
18942	19335	639	85
19335	18942	2800	85
0	17036	-1491	137
1	17036	-1491	137
17036	1	6430	137
2	17036	-1491	137
17036	2	6430	137
3	17036	-1491	137
17036	3	6430	137
4	17036	-1491	137
17036	4	6430	137
5	17036	-1491	137
17036	5	6430	137
6	17036	-1491	137
17036	6	6430	137
7	17036	-1491	137
17036	7	6430	137
8	17036	-1491	137
17036	8	6430	137
9	17036	-1491	137
17036	9	6430	137
17036	10	6430	137
18833	17036	1364	199
17036	18833	9287	199
18322	17036	22	170
17036	18322	7945	170
17812	17036	-4322	77
17036	17812	3600	77
19605	17036	-4532	72
17036	19605	630	72
17047	17036	-4856	65
17036	17047	-5709	65
17049	17036	-4590	71
17036	17049	2759	71
18969	17036	-2108	124
17036	18969	3014	124
18074	17036	-2934	106
17036	18074	3708	106
18972	17036	-952	149
17036	18972	4645	149
17563	17036	-3360	97
17036	17563	-1382	97
19103	17036	-97	167
17036	19103	3724	167
17058	17036	-4170	80
17036	17058	-3859	80
17828	17036	-4053	82
17036	17828	2676	82
17957	17036	-4609	71
17036	17957	-680	71
19111	17036	-290	163
17036	19111	6246	163
17834	17036	-3680	90
17036	17834	592	90
19372	17036	-2580	114
17036	19372	5009	114
19503	17036	-3150	102
17036	19503	1936	102
19120	17036	-372	161
17036	19120	7288	161
18353	17036	-122	167
17036	18353	4770	167
17843	17036	-4373	76
17036	17843	2080	76
19124	17036	-231	164
17036	19124	6551	164
18229	17036	-2359	119
17036	18229	2527	119
18616	17036	718	185
17036	18616	-3653	185
19130	17036	-176	165
17036	19130	4063	165
18619	17036	200	174
17036	18619	8123	174
17853	17036	-4602	71
17036	17853	290	71
19518	17036	-3862	87
17036	19518	162	87
19008	17036	-853	151
17036	19008	4517	151
17217	17036	-3640	91
17036	17217	-290	91
19139	17036	-259	164
17036	19139	3607	164
17860	17036	-3835	87
17036	17860	-695	87
19148	17036	80	171
17036	19148	5606	171
19405	17036	-821	152
17036	19405	5244	152
18640	17036	337	177
17036	18640	3286	177
18641	17036	509	180
17036	18641	8432	180
19153	17036	-357	162
17036	19153	7565	162
17872	17036	-3828	87
17036	17872	4094	87
17364	17036	-4174	80
17036	17364	-7470	80
18518	17036	600	182
17036	18518	7606	182
19032	17036	-528	158
17036	19032	5945	158
19035	17036	-619	156
17036	19035	6124	156
17502	17036	-6438	31
17036	17502	521	31
19422	17036	-1203	143
17036	19422	6719	143
19041	17036	-731	154
17036	19041	7191	154
18917	17036	-1546	136
17036	18917	3262	136
17512	17036	-5335	55
17036	17512	1038	55
17262	17036	-3092	103
17036	17262	4830	103
18031	17036	-3093	103
17036	18031	2588	103
19067	17036	321	176
17036	19067	7540	176
18942	17036	-871	151
17036	18942	5852	151
0	18833	6864	147
1	18833	6864	147
18833	1	6864	147
2	18833	6864	147
18833	2	6864	147
3	18833	6864	147
18833	3	6864	147
4	18833	6864	147
18833	4	6864	147
5	18833	6864	147
18833	5	6864	147
6	18833	6864	147
18833	6	6864	147
7	18833	6864	147
18833	7	6864	147
8	18833	6864	147
18833	8	6864	147
9	18833	6864	147
18833	9	6864	147
18833	10	6864	147
18322	18833	5390	115
18833	18322	5390	115
17812	18833	6631	142
18833	17812	6631	142
19605	18833	7817	167
18833	19605	5058	167
17047	18833	8985	192
18833	17047	208	192
17049	18833	7153	153
18833	17049	6580	153
18969	18833	8577	183
18833	18969	5777	183
18074	18833	8542	183
18833	18074	7263	183
18972	18833	8121	174
18833	18972	5797	174
17563	18833	11263	241
18833	17563	5319	241
19103	18833	10551	226
18833	19103	6450	226
17058	18833	7824	167
18833	17058	212	167
17828	18833	5536	118
18833	17828	4342	118
17957	18833	6278	134
18833	17957	2283	134
19111	18833	10359	221
18833	19111	8973	221
17834	18833	5327	114
18833	17834	1678	114
19372	18833	10381	222
18833	19372	10048	222
19503	18833	8012	171
18833	19503	5177	171
19120	18833	10276	220
18833	19120	10014	220
18353	18833	5495	117
18833	18353	2466	117
17843	18833	5953	127
18833	17843	4484	127
19124	18833	10418	223
18833	19124	9277	223
18229	18833	5021	107
18833	18229	1985	107
18616	18833	677	14
18833	18616	-11617	14
19130	18833	10472	224
18833	19130	6789	224
18619	18833	1195	25
18833	18619	1195	25
17853	18833	6400	137
18833	17853	3370	137
19518	18833	8569	183
18833	19518	4671	183
19008	18833	10670	228
18833	19008	8118	228
17217	18833	10201	218
18833	17217	5627	218
19139	18833	10502	225
18833	19139	6446	225
17860	18833	5255	112
18833	17860	473	112
19148	18833	10729	229
18833	19148	8333	229
19405	18833	10008	214
18833	19405	8151	214
18640	18833	3381	72
18833	18640	-1592	72
18641	18833	3553	76
18833	18641	3553	76
19153	18833	10781	231
18833	19153	10781	231
17872	18833	5311	113
18833	17872	5311	113
17364	18833	11186	239
18833	17364	-32	239
18518	18833	3644	78
18833	18518	2727	78
19032	18833	10924	234
18833	19032	9475	234
19035	18833	10033	215
18833	19035	8855	215
17502	18833	10161	217
18833	17502	9198	217
19422	18833	9445	202
18833	19422	9445	202
19041	18833	10329	221
18833	19041	10329	221
18917	18833	8777	188
18833	18917	5663	188
17512	18833	10630	227
18833	17512	9081	227
17262	18833	10748	230
18833	17262	10748	230
18031	18833	7053	151
18833	18031	4813	151
19067	18833	10110	216
18833	19067	9407	216
18942	18833	8365	179
18833	18942	7166	179
0	18322	1514	32
1	18322	1514	32
18322	1	1514	32
2	18322	1514	32
18322	2	1514	32
3	18322	1514	32
18322	3	1514	32
4	18322	1514	32
18322	4	1514	32
5	18322	1514	32
18322	5	1514	32
6	18322	1514	32
18322	6	1514	32
7	18322	1514	32
18322	7	1514	32
8	18322	1514	32
18322	8	1514	32
9	18322	1514	32
18322	9	1514	32
18322	10	1514	32
17812	18322	7984	171
18322	17812	7984	171
19605	18322	4664	99
18322	19605	1904	99
17047	18322	9882	211
18322	17047	1106	211
17049	18322	8506	182
18322	17049	7933	182
18969	18322	3926	84
18322	18969	1127	84
18074	18322	4150	88
18322	18074	2871	88
18972	18322	2771	59
18322	18972	446	59
17563	18322	8339	178
18322	17563	2395	178
19103	18322	5806	124
18322	19103	1705	124
17058	18322	9126	195
18322	17058	1514	195
17828	18322	5499	117
18322	17828	4305	117
17957	18322	5600	120
18322	17957	1606	120
19111	18322	5447	116
18322	19111	4061	116
17834	18322	5133	109
18322	17834	1483	109
19372	18322	6363	136
18322	19372	6029	136
19503	18322	3700	79
18322	19503	865	79
19120	18322	5446	116
18322	19120	5184	116
18353	18322	145	3
18322	18353	-2884	3
17843	18322	6980	149
18322	17843	5511	149
19124	18322	5579	119
18322	19124	4439	119
18229	18322	3217	68
18322	18229	182	68
18616	18322	6067	130
18322	18616	-6227	130
19130	18322	5727	122
18322	19130	2044	122
18619	18322	6088	130
18322	18619	6088	130
17853	18322	7381	158
18322	17853	4352	158
19518	18322	4550	97
18322	19518	652	97
19008	18322	6020	129
18322	19008	3468	128
17217	18322	11098	237
18322	17217	6524	237
19139	18322	5851	125
18322	19139	1796	125
17860	18322	5646	120
18322	17860	863	120
19148	18322	5929	127
18322	19148	3533	127
19405	18322	5358	114
18322	19405	3501	114
18640	18322	3681	78
18322	18640	-1292	78
18641	18322	3852	82
18322	18641	3852	82
19153	18322	6131	131
18322	19153	6131	131
17872	18322	5450	116
18322	17872	5450	116
17364	18322	9326	199
18322	17364	-1892	199
18518	18322	3836	82
18322	18518	2920	82
19032	18322	6274	134
18322	19032	4825	134
19035	18322	5383	115
18322	19035	4205	115
17502	18322	8383	179
18322	17502	7420	179
19422	18322	4795	102
18322	19422	4795	102
19041	18322	5679	121
18322	19041	5679	121
18917	18322	4127	88
18322	18917	1013	88
17512	18322	7706	165
18322	17512	6157	165
17262	18322	11645	249
18322	17262	11645	249
18031	18322	3116	66
18322	18031	875	66
19067	18322	4759	102
18322	19067	4056	102
18942	18322	3015	64
18322	18942	1816	64
0	17812	8349	178
1	17812	8349	178
17812	1	8349	178
2	17812	8349	178
17812	2	8349	178
3	17812	8349	178
17812	3	8349	178
4	17812	8349	178
17812	4	8349	178
5	17812	8349	178
17812	5	8349	178
6	17812	8349	178
17812	6	8349	178
7	17812	8349	178
17812	7	8349	178
8	17812	8349	178
17812	8	8349	178
9	17812	8349	178
17812	9	8349	178
17812	10	8349	178
19605	17812	6291	134
17812	19605	3532	134
17047	17812	2354	50
17812	17047	-6422	50
17049	17812	522	11
17812	17049	-50	11
18969	17812	8561	183
17812	18969	5762	183
18074	17812	7735	165
17812	18074	6456	165
18972	17812	8986	192
17812	18972	6662	192
17563	17812	7520	161
17812	17563	1575	161
19103	17812	10572	226
17812	19103	6471	226
17058	17812	1193	25
17812	17058	-6418	25
17828	17812	3217	68
17812	17828	2024	68
17957	17812	3221	69
17812	17957	-773	69
19111	17812	10380	222
17812	19111	8994	222
17834	17812	3100	66
17812	17834	-548	66
19372	17812	8300	177
17812	19372	7967	177
19503	17812	7327	157
17812	19503	4491	157
19120	17812	10297	220
17812	19120	10035	220
18353	17812	8089	173
17812	18353	5060	173
17843	17812	1003	21
17812	17843	-464	21
19124	17812	10439	223
17812	19124	9298	223
18229	17812	6043	129
17812	18229	3007	129
18616	17812	5953	127
17812	18616	-6341	127
19130	17812	10493	224
17812	19130	6810	224
18619	17812	5435	116
17812	18619	5435	116
17853	17812	940	20
17812	17853	-2089	20
19518	17812	7015	150
17812	19518	3117	150
19008	17812	10024	214
17812	19008	7473	214
17217	17812	3570	76
17812	17217	-1003	76
19139	17812	10523	225
17812	19139	6467	225
17860	17812	2338	50
17812	17860	-2444	50
19148	17812	10750	230
17812	19148	8354	230
19405	17812	10029	214
17812	19405	8172	214
18640	17812	7140	153
17812	18640	2166	153
18641	17812	7312	156
17812	18641	7312	156
19153	17812	10521	225
17812	19153	10521	225
17872	17812	2993	64
17812	17872	2993	64
17364	17812	4726	101
17812	17364	-6492	101
18518	17812	7403	158
17812	18518	6486	158
19032	17812	10350	221
17812	19032	8901	221
19035	17812	10054	215
17812	19035	8876	215
17502	17812	4442	95
17812	17502	3479	95
19422	17812	9466	202
17812	19422	9466	202
19041	17812	10147	217
17812	19041	10147	217
18917	17812	9058	194
17812	18917	5944	194
17512	17812	5545	118
17812	17512	3997	118
17262	17812	4117	88
17812	17262	4117	88
18031	17812	6845	146
17812	18031	4605	146
19067	17812	10812	231
17812	19067	10109	231
18942	17812	9068	194
17812	18942	7869	194
0	19605	390	67
1	19605	390	67
19605	1	3149	67
2	19605	390	67
19605	2	3149	67
3	19605	390	67
19605	3	3149	67
4	19605	390	67
19605	4	3149	67
5	19605	390	67
19605	5	3149	67
6	19605	390	67
19605	6	3149	67
7	19605	390	67
19605	7	3149	67
8	19605	390	67
19605	8	3149	67
9	19605	390	67
19605	9	3149	67
19605	10	3149	67
17047	19605	3655	137
19605	17047	-2361	137
17049	19605	3660	137
19605	17049	5846	137
18969	19605	42	60
19605	18969	2	60
18074	19605	-783	42
19605	18074	696	42
18972	19605	929	79
19605	18972	1363	79
17563	19605	918	78
19605	17563	-2266	78
19103	19605	2053	103
19605	19103	712	103
17058	19605	4157	148
19605	17058	-695	148
17828	19605	866	77
19605	17828	2432	77
17957	19605	310	65
19605	17957	-924	65
19111	19605	1861	99
19605	19111	3234	99
17834	19605	747	75
19605	17834	-142	75
19372	19605	366	66
19605	19372	2792	66
19503	19605	-998	37
19605	19503	-1075	37
19120	19605	1778	97
19605	19120	4276	97
18353	19605	1759	96
19605	18353	1488	96
17843	19605	2821	119
19605	17843	4111	119
19124	19605	1920	100
19605	19124	3538	100
18229	19605	740	74
19605	18229	463	74
18616	19605	4466	154
19605	18616	-5069	154
19130	19605	1974	101
19605	19130	1051	101
18619	19605	3948	143
19605	18619	6707	143
17853	19605	2592	114
19605	17853	2322	114
19518	19605	-1642	23
19605	19518	-2781	23
19008	19605	1366	88
19605	19008	1574	88
17217	19605	4871	163
19605	17217	3057	163
19139	19605	1960	101
19605	19139	664	101
17860	19605	1503	91
19605	17860	-519	91
19148	19605	2231	106
19605	19148	2594	106
19405	19605	1398	89
19605	19405	2301	89
18640	19605	3437	132
19605	18640	1222	132
18641	19605	3609	136
19605	18641	6368	136
19153	19605	1862	99
19605	19153	4622	99
17872	19605	1065	81
19605	17872	3824	81
17364	19605	1904	99
19605	17364	-6554	99
18518	19605	3700	138
19605	18518	5543	138
19032	19605	1692	95
19605	19032	3002	95
19035	19605	1535	92
19605	19035	3116	92
17502	19605	962	79
19605	17502	2758	79
19422	19605	947	79
19605	19422	3707	79
19041	19605	1489	91
19605	19041	4248	91
18917	19605	604	72
19605	18917	250	72
17512	19605	285	65
19605	17512	1495	65
17262	19605	5418	175
19605	17262	8178	175
18031	19605	-1211	33
19605	18031	-692	33
19067	19605	2472	112
19605	19067	4528	112
18942	19605	1010	80
19605	18942	2571	80
0	17047	633	201
1	17047	633	201
17047	1	9410	201
2	17047	633	201
17047	2	9410	201
3	17047	633	201
17047	3	9410	201
4	17047	633	201
17047	4	9410	201
5	17047	633	201
17047	5	9410	201
6	17047	633	201
17047	6	9410	201
7	17047	633	201
17047	7	9410	201
8	17047	633	201
17047	8	9410	201
9	17047	633	201
17047	9	9410	201
17047	10	9410	201
17049	17047	-6944	39
17047	17049	1259	39
18969	17047	62	189
17047	18969	6039	189
18074	17047	-763	171
17047	18074	6733	171
18972	17047	1218	214
17047	18972	7670	214
17563	17047	-2365	137
17047	17563	467	137
19103	17047	1517	220
17047	19103	6192	220
17058	17047	-7565	25
17047	17058	-6400	25
17828	17047	-4285	96
17047	17828	3297	96
17957	17047	-4494	91
17047	17957	287	91
19111	17047	1817	227
17047	19111	9207	227
17834	17047	-3913	104
17047	17834	1213	104
19372	17047	-1285	160
17047	19372	7158	160
19503	17047	-979	167
17047	19503	4961	167
19120	17047	1734	225
17047	19120	10249	225
18353	17047	1211	214
17047	18353	6958	214
17843	17047	-5429	71
17047	17843	1877	71
19124	17047	1876	228
17047	19124	9512	228
18229	17047	-1497	155
17047	18229	4243	155
18616	17047	-468	178
17047	18616	-3987	178
19130	17047	1518	220
17047	19130	6612	220
18619	17047	-986	166
17047	18619	7789	166
17853	17047	-6059	58
17047	17853	-312	58
19518	17047	-1691	151
17047	19518	3186	151
19008	17047	708	203
17047	19008	6933	203
17217	17047	-7560	26
17047	17217	-3357	26
19139	17047	1302	215
17047	19139	6023	215
17860	17047	-4324	95
17047	17860	-330	95
19148	17047	1694	224
17047	19148	8074	224
19405	17047	740	203
17047	19405	7660	203
18640	17047	478	198
17047	18640	4280	198
18641	17047	649	201
17047	18641	9426	201
19153	17047	1204	213
17047	19153	9981	213
17872	17047	-4061	101
17047	17872	4715	101
17364	17047	-5314	74
17047	17364	-7756	74
18518	17047	740	203
17047	18518	8600	203
19032	17047	1034	210
17047	19032	8361	210
19035	17047	942	208
17047	19035	8540	208
17502	17047	-4866	83
17047	17502	2946	83
19422	17047	967	208
17047	19422	9744	208
19041	17047	831	205
17047	19041	9607	205
18917	17047	624	201
17047	18917	6287	201
17512	17047	-4108	100
17047	17512	3119	100
17262	17047	-7013	37
17047	17262	1763	37
18031	17047	-922	168
17047	18031	5613	168
19067	17047	2492	241
17047	19067	10565	241
18942	17047	1300	215
17047	18942	8877	215
0	17049	7904	181
1	17049	7904	181
17049	1	8477	181
2	17049	7904	181
17049	2	8477	181
3	17049	7904	181
17049	3	8477	181
4	17049	7904	181
17049	4	8477	181
5	17049	7904	181
17049	5	8477	181
6	17049	7904	181
17049	6	8477	181
7	17049	7904	181
17049	7	8477	181
8	17049	7904	181
17049	8	8477	181
9	17049	7904	181
17049	9	8477	181
17049	10	8477	181
18969	17049	8116	186
17049	18969	5890	186
18074	17049	7290	168
17049	18074	6584	168
18972	17049	8541	195
17049	18972	6790	195
17563	17049	6580	153
17049	17563	1209	153
19103	17049	10128	229
17049	19103	6599	229
17058	17049	98	14
17049	17058	-6940	14
17828	17049	2985	76
17049	17828	2364	76
17957	17049	2776	71
17049	17957	-644	71
19111	17049	9935	225
17049	19111	9122	225
17834	17049	3049	77
17049	17834	-26	77
19372	17049	7460	172
17049	19372	7700	172
19503	17049	6882	159
17049	19503	4620	159
19120	17049	9852	223
17049	19120	10163	223
18353	17049	8039	184
17049	18353	5582	184
17843	17049	953	32
17049	17843	57	32
19124	17049	9994	226
17049	19124	9426	226
18229	17049	5774	136
17049	18229	3311	136
18616	17049	5902	138
17049	18616	-5819	138
19130	17049	10048	227
17049	19130	6938	227
18619	17049	5384	127
17049	18619	5957	127
17853	17049	675	26
17049	17853	-1781	26
19518	17049	6570	153
17049	19518	3245	153
19008	17049	9453	214
17049	19008	7475	214
17217	17049	2474	65
17049	17217	-1525	65
19139	17049	10047	227
17049	19139	6565	227
17860	17049	2287	61
17049	17860	-1922	61
19148	17049	10305	233
17049	19148	8482	233
19405	17049	9486	215
17049	19405	8202	215
18640	17049	7090	164
17049	18640	2688	164
18641	17049	7261	167
17049	18641	7834	167
19153	17049	9950	225
17049	19153	10523	225
17872	17049	2942	75
17049	17872	3515	75
17364	17049	3631	90
17049	17364	-7014	90
18518	17049	7352	169
17049	18518	7009	169
19032	17049	9779	221
17049	19032	8903	221
19035	17049	9610	218
17049	19035	9004	218
17502	17049	3602	89
17049	17502	3212	89
19422	17049	9022	205
17049	19422	9594	205
19041	17049	9576	217
17049	19041	10149	217
18917	17049	8613	196
17049	18917	6072	196
17512	17049	4705	113
17049	17512	3729	113
17262	17049	3022	77
17049	17262	3595	77
18031	17049	6401	149
17049	18031	4733	149
19067	17049	10368	234
17049	19067	10237	234
18942	17049	8623	197
17049	18942	7997	197
0	18969	-378	51
1	18969	-378	51
18969	1	2420	51
2	18969	-378	51
18969	2	2420	51
3	18969	-378	51
18969	3	2420	51
4	18969	-378	51
18969	4	2420	51
5	18969	-378	51
18969	5	2420	51
6	18969	-378	51
18969	6	2420	51
7	18969	-378	51
18969	7	2420	51
8	18969	-378	51
18969	8	2420	51
9	18969	-378	51
18969	9	2420	51
18969	10	2420	51
18074	18969	-1857	20
18969	18074	-337	20
18972	18969	-1167	34
18969	18972	-692	34
17563	18969	2428	112
18969	17563	-715	112
19103	18969	-730	44
18969	19103	-2032	44
17058	18969	6387	196
18969	17058	1574	196
17828	18969	3096	126
18969	17828	4702	126
17957	18969	2540	114
18969	17957	1345	114
19111	18969	-923	40
18969	19111	489	40
17834	18969	2977	123
18969	17834	2127	123
19372	18969	-331	52
18969	19372	2135	52
19503	18969	-902	40
18969	19503	-938	40
19120	18969	-1005	38
18969	19120	1531	38
18353	18969	982	81
18969	18353	751	81
17843	18969	5051	168
18969	17843	6381	168
19124	18969	-864	41
18969	19124	794	41
18229	18969	756	76
18969	18229	520	76
18616	18969	6222	193
18969	18616	-3272	193
19130	18969	-809	42
18969	19130	-1693	42
18619	18969	5704	182
18969	18619	8504	182
17853	18969	4822	163
18969	17853	4592	163
19518	18969	-907	40
18969	19518	-2006	40
19008	18969	-612	46
18969	19008	-364	46
17217	18969	7255	215
18969	17217	5481	215
19139	18969	-780	43
18969	19139	-2036	43
17860	18969	3733	139
18969	17860	1750	139
19148	18969	-553	48
18969	19148	-150	48
19405	18969	-1274	32
18969	19405	-331	32
18640	18969	4069	147
18969	18640	1894	147
18641	18969	4240	150
18969	18641	7039	150
19153	18969	-501	49
18969	19153	2298	49
17872	18969	3295	130
18969	17872	6094	130
17364	18969	4111	148
18969	17364	-4307	148
18518	18969	4072	147
18969	18518	5955	147
19032	18969	-357	52
18969	19032	992	52
19035	18969	-1248	33
18969	19035	372	33
17502	18969	3265	129
18969	17502	5101	129
19422	18969	-1836	20
18969	19422	962	20
19041	18969	-952	39
18969	19041	1846	39
18917	18969	-2158	13
18969	18917	-2473	13
17512	18969	2587	115
18969	17512	3838	115
17262	18969	7802	227
18969	17262	10602	227
18031	18969	-710	44
18969	18031	-151	44
19067	18969	-291	53
18969	19067	1805	53
18942	18969	-1085	36
18969	18942	514	36
0	18074	1356	56
1	18074	1356	56
18074	1	2636	56
2	18074	1356	56
18074	2	2636	56
3	18074	1356	56
18074	3	2636	56
4	18074	1356	56
18074	4	2636	56
5	18074	1356	56
18074	5	2636	56
6	18074	1356	56
18074	6	2636	56
7	18074	1356	56
18074	7	2636	56
8	18074	1356	56
18074	8	2636	56
9	18074	1356	56
18074	9	2636	56
18074	10	2636	56
18972	18074	1293	55
18074	18972	248	55
17563	18074	3739	107
18074	17563	-925	107
19103	18074	1673	63
18074	19103	-1148	63
17058	18074	7081	179
18074	17058	748	179
17828	18074	3790	108
18074	17828	3876	108
17957	18074	3234	96
18074	17957	519	96
19111	18074	1480	59
18074	19111	1373	59
17834	18074	3671	106
18074	17834	1301	106
19372	18074	979	48
18074	19372	1925	48
19503	18074	-262	21
18074	19503	-1818	21
19120	18074	1398	57
18074	19120	2415	57
18353	18074	2725	85
18074	18353	975	85
17843	18074	5745	150
18074	17843	5555	150
19124	18074	1539	60
18074	19124	1678	60
18229	18074	2242	75
18074	18229	485	75
18616	18074	7032	178
18074	18616	-3983	178
19130	18074	1594	61
18074	19130	-809	61
18619	18074	6514	167
18074	18619	7793	167
17853	18074	5516	145
18074	17853	3766	145
19518	18074	-214	22
18074	19518	-2832	22
19008	18074	1791	65
18074	19008	519	65
17217	18074	7949	197
18074	17217	4655	197
19139	18074	1623	62
18074	19139	-1152	62
17860	18074	4427	122
18074	17860	924	122
19148	18074	1850	67
18074	19148	734	67
19405	18074	1129	51
18074	19405	552	51
18640	18074	5554	146
18074	18640	1859	146
18641	18074	5726	150
18074	18641	7005	150
19153	18074	1902	68
18074	19153	3182	68
17872	18074	3989	112
18074	17872	5268	112
17364	18074	4901	132
18074	17364	-5037	132
18518	18074	5816	152
18074	18518	6179	152
19032	18074	2046	71
18074	19032	1876	71
19035	18074	1155	52
18074	19035	1256	52
17502	18074	3959	112
18074	17502	4275	112
19422	18074	567	39
18074	19422	1846	39
19041	18074	1451	58
18074	19041	2730	58
18917	18074	224	32
18074	18917	-1610	32
17512	18074	3281	97
18074	17512	3012	97
17262	18074	8496	209
18074	17262	9776	209
18031	18074	308	34
18074	18031	-652	34
19067	18074	2091	72
18074	19067	2668	72
18942	18074	1375	56
18074	18942	1455	56
0	18972	-664	35
1	18972	-664	35
18972	1	1659	35
2	18972	-664	35
18972	2	1659	35
3	18972	-664	35
18972	3	1659	35
4	18972	-664	35
18972	4	1659	35
5	18972	-664	35
18972	5	1659	35
6	18972	-664	35
18972	6	1659	35
7	18972	-664	35
18972	7	1659	35
8	18972	-664	35
18972	8	1659	35
9	18972	-664	35
18972	9	1659	35
18972	10	1659	35
17563	18972	4535	147
18972	17563	915	147
19103	18972	864	68
18972	19103	-912	68
17058	18972	7287	205
18972	17058	1999	205
17828	18972	3996	135
18972	17828	5127	135
17957	18972	3440	123
18972	17957	1770	123
19111	18972	505	60
18972	19111	1443	60
17834	18972	3650	128
18972	17834	2325	128
19372	18972	1775	87
18972	19372	3766	87
19503	18972	27	50
18972	19503	-483	50
19120	18972	504	60
18972	19120	2566	60
18353	18972	301	56
18972	18353	-403	56
17843	18972	5740	172
18972	17843	6595	172
19124	18972	637	63
18972	19124	1821	63
18229	18972	1360	78
18972	18229	648	78
18616	18972	6474	188
18972	18616	-3495	188
19130	18972	785	66
18972	19130	-573	66
18619	18972	6308	184
18972	18619	8633	184
17853	18972	5722	172
18972	17853	5017	172
19518	18972	864	68
18972	19518	-708	68
19008	18972	1169	74
18972	19008	942	74
17217	18972	8886	240
18972	17217	6636	240
19139	18972	923	69
18972	19139	-807	69
17860	18972	4406	144
18972	17860	1947	144
19148	18972	987	70
18972	19148	915	70
19405	18972	738	65
18972	19405	1206	65
18640	18972	3702	129
18972	18640	1052	129
18641	18972	3580	126
18972	18641	5905	126
19153	18972	1202	75
18972	19153	3527	75
17872	18972	3967	134
18972	17872	6292	134
17364	18972	5980	177
18972	17364	-2913	177
18518	18972	3391	122
18972	18518	4799	122
19032	18972	1361	78
18972	19032	2236	78
19035	18972	739	65
18972	19035	1885	65
17502	18972	5038	157
18972	17502	6399	157
19422	18972	176	53
18972	19422	2500	53
19041	18972	920	69
18972	19041	3244	69
18917	18972	-579	37
18972	18917	-1369	37
17512	18972	4360	143
18972	17512	5136	143
17262	18972	9433	251
18972	17262	11757	251
18031	18972	-106	47
18972	18031	-22	47
19067	18972	-182	45
18972	19067	1438	45
18942	18972	-1725	12
18972	18942	-600	12
0	17563	880	146
1	17563	880	146
17563	1	6825	146
2	17563	880	146
17563	2	6825	146
3	17563	880	146
17563	3	6825	146
4	17563	880	146
17563	4	6825	146
5	17563	880	146
17563	5	6825	146
6	17563	880	146
17563	6	6825	146
7	17563	880	146
17563	7	6825	146
8	17563	880	146
17563	8	6825	146
9	17563	880	146
17563	9	6825	146
17563	10	6825	146
19103	17563	-1730	90
17563	19103	112	90
17058	17563	1166	152
17563	17058	-501	152
17828	17563	-98	125
17563	17828	4652	125
17957	17563	-654	113
17563	17957	1295	113
19111	17563	-1047	104
17563	19111	3511	104
17834	17563	273	133
17563	17834	2568	133
19372	17563	-3183	59
17563	19372	2427	59
19503	17563	-965	106
17563	19503	2143	106
19120	17563	-1267	100
17563	19120	4414	100
18353	17563	2249	175
17563	18353	5164	175
17843	17563	1524	160
17563	17843	6000	160
19124	17563	-1187	101
17563	19124	3615	101
18229	17563	1202	153
17563	18229	4111	153
18616	17563	4727	228
17563	18616	-1623	228
19130	17563	-1729	90
17563	19130	531	90
18619	17563	4209	217
17563	18619	10153	217
17853	17563	1295	155
17563	17853	4210	155
19518	17563	-1677	91
17563	19518	368	91
19008	17563	-2071	82
17563	19008	1320	82
17217	17563	1682	163
17563	17217	3053	163
19139	17563	-1884	86
17563	19139	4	86
17860	17563	781	144
17563	17860	1943	144
19148	17563	-1553	94
17563	19148	1994	94
19405	17563	-1727	90
17563	19405	2359	90
18640	17563	3900	210
17563	18640	4870	210
18641	17563	4072	214
17563	18641	10016	214
19153	17563	-2164	81
17563	19153	3779	81
17872	17563	126	130
17563	17872	6070	130
17364	17563	-2580	72
17563	17364	-7855	72
18518	17563	4163	216
17563	18518	9191	216
19032	17563	-2335	77
17563	19032	2160	77
19035	17563	-1590	93
17563	19035	3174	93
17502	17563	-2867	65
17563	17502	2114	65
19422	17563	-1190	101
17563	19422	4753	101
19041	17563	-1887	86
17563	19041	4057	86
18917	17563	-153	124
17563	18917	2676	124
17512	17563	-3969	42
17563	17512	426	42
17262	17563	1859	167
17563	17262	7803	167
18031	17563	-720	111
17563	18031	2982	111
19067	17563	259	132
17563	19067	5501	132
18942	17563	868	145
17563	18942	5613	145
0	19103	294	94
1	19103	294	94
19103	1	4395	94
2	19103	294	94
19103	2	4395	94
3	19103	294	94
19103	3	4395	94
4	19103	294	94
19103	4	4395	94
5	19103	294	94
19103	5	4395	94
6	19103	294	94
19103	6	4395	94
7	19103	294	94
19103	7	4395	94
8	19103	294	94
19103	8	4395	94
9	19103	294	94
19103	9	4395	94
19103	10	4395	94
17058	19103	6891	235
19103	17058	3380	235
17828	19103	3806	169
19103	17828	6713	169
17957	19103	3250	157
19103	17957	3356	157
19111	19103	-3339	16
19103	19111	-624	16
17834	19103	3687	166
19103	17834	4139	166
19372	19103	-1298	60
19103	19372	2469	60
19503	19103	-192	83
19103	19503	1072	83
19120	19103	-3559	11
19103	19120	279	11
18353	19103	1559	121
19103	18353	2631	121
17843	19103	5760	211
19103	17843	8392	211
19124	19103	-3497	12
19103	19124	-537	12
18229	19103	1429	118
19103	18229	2494	118
18616	19103	6895	235
19103	18616	-1297	235
19130	19103	-4021	1
19103	19130	-3603	1
18619	19103	6377	224
19103	18619	10479	224
17853	19103	5531	206
19103	17853	6603	206
19518	19103	-283	81
19103	19518	-80	81
19008	19103	-3202	19
19103	19008	-1652	19
17217	19103	7408	246
19103	17217	6935	246
19139	19103	-3886	4
19103	19139	-3840	4
17860	19103	4443	183
19103	17860	3761	183
19148	19103	-3923	3
19103	19148	-2218	3
19405	19103	-3053	22
19103	19405	-809	22
18640	19103	4742	189
19103	18640	3868	189
18641	19103	4839	191
19103	18641	8940	191
19153	19103	-3667	9
19103	19153	433	9
17872	19103	4004	173
19103	17872	8105	173
17364	19103	3144	155
19103	17364	-3972	155
18518	19103	4650	187
19103	18518	7835	187
19032	19103	-3496	12
19103	19032	-844	12
19035	19103	-3417	14
19103	19035	-495	14
17502	19103	2558	142
19103	17502	5696	142
19422	19103	-2829	27
19103	19422	1271	27
19041	19103	-3415	14
19103	19041	686	14
18917	19103	-1731	50
19103	18917	-744	50
17512	19103	1755	125
19103	17512	4308	125
17262	19103	7915	257
19103	17262	12016	257
18031	19103	-37	87
19103	18031	1822	87
19067	19103	-2050	43
19103	19067	1347	43
18942	19103	-1310	59
19103	18942	1591	59
0	17058	1362	192
1	17058	1362	192
17058	1	8974	192
2	17058	1362	192
17058	2	8974	192
3	17058	1362	192
17058	3	8974	192
4	17058	1362	192
17058	4	8974	192
5	17058	1362	192
17058	5	8974	192
6	17058	1362	192
17058	6	8974	192
7	17058	1362	192
17058	7	8974	192
8	17058	1362	192
17058	8	8974	192
9	17058	1362	192
17058	9	8974	192
17058	10	8974	192
17828	17058	-3556	86
17058	17828	2861	86
17957	17058	-3765	82
17058	17957	-147	82
19111	17058	3393	235
17058	19111	9619	235
17834	17058	-3369	90
17058	17834	593	90
19372	17058	578	175
17058	19372	7857	175
19503	17058	340	170
17058	19503	5117	170
19120	17058	3310	234
17058	19120	10660	234
18353	17058	1620	197
17058	18353	6202	197
17843	17058	-5414	47
17058	17843	728	47
19124	17058	3452	237
17058	19124	9923	237
18229	17058	-768	146
17058	18229	3808	146
18616	17058	-464	153
17058	18616	-5147	153
19130	17058	3382	235
17058	19130	7311	235
18619	17058	-982	142
17058	18619	6628	142
17853	17058	-5866	37
17058	17853	-1284	37
19518	17058	28	163
17058	19518	3742	163
19008	17058	2572	218
17058	19008	7632	218
17217	17058	-5185	52
17058	17217	-2146	52
19139	17058	3165	230
17058	19139	6722	230
17860	17058	-4131	74
17058	17860	-1302	74
19148	17058	3558	239
17058	19148	8774	239
19405	17058	2604	218
17058	19405	8359	218
18640	17058	671	177
17058	18640	3308	177
18641	17058	842	181
17058	18641	8454	181
19153	17058	3068	228
17058	19153	10680	228
17872	17058	-3476	88
17058	17872	4135	88
17364	17058	-3450	89
17058	17364	-7057	89
18518	17058	933	183
17058	18518	7629	183
19032	17058	2897	225
17058	19032	9060	225
19035	17058	2806	223
17058	19035	9239	223
17502	17058	-3016	98
17058	17502	3632	98
19422	17058	2479	216
17058	19422	10091	216
19041	17058	2694	220
17058	19041	10306	220
18917	17058	2071	207
17058	18917	6569	207
17512	17058	-2245	115
17058	17512	3818	115
17262	17058	-4637	63
17058	17262	2974	63
18031	17058	-140	160
17058	18031	5230	160
19067	17058	3826	245
17058	19067	10734	245
18942	17058	2081	207
17058	18942	8494	207
0	17828	4431	120
1	17828	4431	120
17828	1	5625	120
2	17828	4431	120
17828	2	5625	120
3	17828	4431	120
17828	3	5625	120
4	17828	4431	120
17828	4	5625	120
5	17828	4431	120
17828	5	5625	120
6	17828	4431	120
17828	6	5625	120
7	17828	4431	120
17828	7	5625	120
8	17828	4431	120
17828	8	5625	120
9	17828	4431	120
17828	9	5625	120
17828	10	5625	120
17957	17828	-451	15
17828	17957	-3252	15
19111	17828	6521	165
17828	19111	6328	165
17834	17828	-820	7
17828	17834	-3276	7
19372	17828	4930	131
17828	19372	5791	131
19503	17828	3468	99
17828	19503	1826	99
19120	17828	6438	163
17828	19120	7370	163
18353	17828	4411	120
17828	18353	2575	120
17843	17828	1020	47
17828	17843	745	47
19124	17828	6580	166
17828	19124	6632	166
18229	17828	2122	71
17828	18229	280	71
18616	17828	3750	105
17828	18616	-7350	105
19130	17828	6634	167
17828	19130	4145	167
18619	17828	3232	94
17828	18619	4426	94
17853	17828	1296	53
17828	17853	-539	53
19518	17828	3156	93
17828	19518	451	93
19008	17828	6165	157
17828	19008	4807	157
17217	17828	4513	122
17828	17217	1132	122
19139	17828	6664	168
17828	19139	3802	168
17860	17828	-313	18
17828	17860	-3902	18
19148	17828	6891	173
17828	19148	5688	173
19405	17828	6170	157
17828	19405	5507	157
18640	17828	3890	108
17828	18640	109	108
18641	17828	4061	112
17828	18641	5254	112
19153	17828	6662	168
17828	19153	7855	168
17872	17828	-968	4
17828	17872	224	4
17364	17828	5366	140
17828	17364	-4658	140
18518	17828	4152	114
17828	18518	4429	114
19032	17828	6491	164
17828	19032	6235	164
19035	17828	6195	158
17828	19035	6210	158
17502	17828	3537	101
17828	17502	3767	101
19422	17828	5607	145
17828	19422	6801	145
19041	17828	6288	160
17828	19041	7481	160
18917	17828	5199	136
17828	18917	3278	136
17512	17828	4018	111
17828	17512	3663	111
17262	17828	5060	134
17828	17262	6253	134
18031	17828	2987	89
17828	18031	1939	89
19067	17828	6953	174
17828	19067	7444	174
18942	17828	5209	137
17828	18942	5203	137
0	17957	1133	109
1	17957	1133	109
17957	1	5128	109
2	17957	1133	109
17957	2	5128	109
3	17957	1133	109
17957	3	5128	109
4	17957	1133	109
17957	4	5128	109
5	17957	1133	109
17957	5	5128	109
6	17957	1133	109
17957	6	5128	109
7	17957	1133	109
17957	7	5128	109
8	17957	1133	109
17957	8	5128	109
9	17957	1133	109
17957	9	5128	109
17957	10	5128	109
19111	17957	3164	153
17957	19111	5772	153
17834	17957	-2880	23
17957	17834	-2534	23
19372	17957	1574	119
17957	19372	5235	119
19503	17957	111	87
17957	19503	1270	87
19120	17957	3081	151
17957	19120	6814	151
18353	17957	1711	122
17957	18353	2676	122
17843	17957	-1484	53
17957	17843	1041	53
19124	17957	3223	154
17957	19124	6077	154
18229	17957	-997	64
17957	18229	-38	64
18616	17957	1691	121
17957	18616	-6608	121
19130	17957	3277	155
17957	19130	3589	155
18619	17957	1173	110
17957	18619	5168	110
17853	17957	-1713	48
17957	17853	-747	48
19518	17957	-200	81
17957	19518	-103	81
19008	17957	2808	145
17957	19008	4251	145
17217	17957	1503	117
17957	17217	924	117
19139	17957	3307	156
17957	19139	3246	156
17860	17957	-2372	34
17957	17860	-3160	34
19148	17957	3534	161
17957	19148	5132	161
19405	17957	2813	145
17957	19405	4951	145
18640	17957	1700	122
17957	18640	720	122
18641	17957	1872	125
17957	18641	5866	125
19153	17957	3305	156
17957	19153	7299	156
17872	17957	-3027	20
17957	17872	966	20
17364	17957	2281	134
17957	17364	-4942	134
18518	17957	1963	127
17957	18518	5041	127
19032	17957	3134	152
17957	19032	5679	152
19035	17957	2838	146
17957	19035	5655	146
17502	17957	527	96
17957	17502	3558	96
19422	17957	2250	133
17957	19422	6245	133
19041	17957	2931	148
17957	19041	6925	148
18917	17957	1842	125
17957	18917	2722	125
17512	17957	661	99
17957	17512	3108	99
17262	17957	2050	129
17957	17262	6045	129
18031	17957	-369	77
17957	18031	1384	77
19067	17957	3597	162
17957	19067	6888	162
18942	17957	1852	125
17957	18942	4647	125
0	19111	2816	90
1	19111	2816	90
19111	1	4202	90
2	19111	2816	90
19111	2	4202	90
3	19111	2816	90
19111	3	4202	90
4	19111	2816	90
19111	4	4202	90
5	19111	2816	90
19111	5	4202	90
6	19111	2816	90
19111	6	4202	90
7	19111	2816	90
19111	7	4202	90
8	19111	2816	90
19111	8	4202	90
9	19111	2816	90
19111	9	4202	90
19111	10	4202	90
17834	19111	6209	162
19111	17834	3946	162
19372	19111	1716	66
19111	19372	2769	66
19503	19111	2329	79
19111	19503	879	79
19120	19111	-1161	4
19111	19120	-37	4
18353	19111	3915	113
19111	18353	2272	113
17843	19111	8282	207
19111	17843	8200	207
19124	19111	-1136	5
19111	19124	-891	5
18229	19111	3952	114
19111	18229	2302	114
18616	19111	9418	231
19111	18616	-1490	231
19130	19111	-703	14
19111	19130	-3000	14
18619	19111	8900	220
19111	18619	10286	220
17853	19111	8054	202
19111	17853	6410	202
19518	19111	2323	79
19111	19518	-187	79
19008	19111	-150	26
19111	19008	-1316	26
17217	19111	10423	253
19111	17217	7236	253
19139	19111	-487	19
19111	19139	-3156	19
17860	19111	6965	178
19111	17860	3569	178
19148	19111	-505	18
19111	19148	-1515	18
19405	19111	-229	24
19111	19405	-700	24
18640	19111	7264	185
19111	18640	3676	185
18641	19111	7195	183
19111	18641	8581	183
19153	19111	-268	23
19111	19153	1117	23
17872	19111	6527	169
19111	17872	7913	169
17364	19111	6159	161
19111	17364	-3672	161
18518	19111	7006	179
19111	18518	7476	179
19032	19111	-98	27
19111	19032	-161	27
19035	19111	-489	19
19111	19035	-281	19
17502	19111	5573	149
19111	17502	5996	149
19422	19111	-208	25
19111	19422	1177	25
19041	19111	-399	21
19111	19041	986	21
18917	19111	743	45
19111	18917	-984	45
17512	19111	4771	131
19111	17512	4608	131
17262	19111	10970	264
19111	17262	12357	264
18031	19111	2484	82
19111	18031	1630	82
19067	19111	61	31
19111	19067	744	31
18942	19111	1045	52
19111	18942	1232	52
0	17834	1609	112
1	17834	1609	112
17834	1	5259	112
2	17834	1609	112
17834	2	5259	112
3	17834	1609	112
17834	3	5259	112
4	17834	1609	112
17834	4	5259	112
5	17834	1609	112
17834	5	5259	112
6	17834	1609	112
17834	6	5259	112
7	17834	1609	112
17834	7	5259	112
8	17834	1609	112
17834	8	5259	112
9	17834	1609	112
17834	9	5259	112
17834	10	5259	112
19372	17834	2847	139
17834	19372	6163	139
19503	17834	893	97
17834	19503	1707	97
19120	17834	3863	160
17834	19120	7251	160
18353	17834	1589	112
17834	18353	2209	112
17843	17834	-1552	44
17834	17843	627	44
19124	17834	4005	164
17834	19124	6513	164
18229	17834	-699	63
17834	18229	-86	63
18616	17834	1086	101
17834	18616	-7559	101
19130	17834	4059	165
17834	19130	4026	165
18619	17834	568	90
17834	18619	4217	90
17853	17834	-1151	53
17834	17853	-531	53
19518	17834	971	99
17834	19518	722	99
19008	17834	3893	161
17834	19008	4990	161
17217	17834	2429	130
17834	17217	1505	130
19139	17834	4089	165
17834	19139	3683	165
17860	17834	-2886	16
17834	17860	-4020	16
19148	17834	4316	170
17834	19148	5569	170
19405	17834	3595	155
17834	19405	5388	155
18640	17834	1225	104
17834	18640	-99	104
18641	17834	1397	108
17834	18641	5046	108
19153	17834	4368	171
17834	19153	8017	171
17872	17834	-3331	6
17834	17872	317	6
17364	17834	3282	148
17834	17364	-4286	148
18518	17834	1488	110
17834	18518	4221	110
19032	17834	4218	168
17834	19032	6418	168
19035	17834	3621	155
17834	19035	6091	155
17502	17834	1453	109
17834	17502	4139	109
19422	17834	3033	143
17834	19422	6682	143
19041	17834	3917	162
17834	19041	7566	162
18917	17834	2396	129
17834	18917	2932	129
17512	17834	1935	119
17834	17512	4036	119
17262	17834	2977	141
17834	17262	6626	141
18031	17834	223	82
17834	18031	1632	82
19067	17834	4151	167
17834	19067	7097	167
18942	17834	2407	129
17834	18942	4857	129
0	19372	4515	103
1	19372	4515	103
19372	1	4848	103
2	19372	4515	103
19372	2	4848	103
3	19372	4515	103
19372	3	4848	103
4	19372	4515	103
19372	4	4848	103
5	19372	4515	103
19372	5	4848	103
6	19372	4515	103
19372	6	4848	103
7	19372	4515	103
19372	7	4848	103
8	19372	4515	103
19372	8	4848	103
9	19372	4515	103
19372	9	4848	103
19372	10	4848	103
19503	19372	2328	57
19372	19503	-173	57
19120	19372	2687	64
19372	19120	2758	64
18353	19372	5884	133
19372	18353	3187	133
17843	19372	7745	173
19372	17843	6609	173
19124	19372	2828	67
19372	19124	2021	67
18229	19372	5363	122
19372	18229	2660	122
18616	19372	9763	216
19372	18616	-2198	216
19130	19372	2471	60
19372	19130	-878	60
18619	19372	9245	205
19372	18619	9578	205
17853	19372	7516	168
19372	17853	4820	168
19518	19372	1675	43
19372	19518	-1888	43
19008	19372	1661	42
19372	19008	-557	42
17217	19372	8374	186
19372	17217	4133	186
19139	19372	2254	55
19372	19139	-1467	55
17860	19372	6671	150
19372	17860	2221	150
19148	19372	2647	63
19372	19148	584	63
19405	19372	1693	43
19372	19405	169	43
18640	19372	8339	185
19372	18640	3698	185
18641	19372	8511	189
19372	18641	8844	189
19153	19372	2157	53
19372	19153	2490	53
17872	19372	6015	136
19372	17872	6348	136
17364	19372	4110	95
19372	17364	-6775	95
18518	19372	8602	191
19372	18518	8019	191
19032	19372	1986	49
19372	19032	870	49
19035	19372	1894	47
19372	19035	1049	47
17502	19372	3524	82
19372	17502	2894	82
19422	19372	2230	54
19372	19422	2563	54
19041	19372	1783	45
19372	19041	2116	45
18917	19372	2697	64
19372	18917	-83	64
17512	19372	2721	65
19372	17512	1506	65
17262	19372	8921	198
19372	17262	9254	198
18031	19372	3332	78
19372	18031	1425	78
19067	19372	4217	97
19372	19067	3847	97
18942	19372	3848	89
19372	18942	2982	89
0	19503	-649	46
1	19503	-649	46
19503	1	2186	46
2	19503	-649	46
19503	2	2186	46
3	19503	-649	46
19503	3	2186	46
4	19503	-649	46
19503	4	2186	46
5	19503	-649	46
19503	5	2186	46
6	19503	-649	46
19503	6	2186	46
7	19503	-649	46
19503	7	2186	46
8	19503	-649	46
19503	8	2186	46
9	19503	-649	46
19503	9	2186	46
19503	10	2186	46
19120	19503	797	77
19503	19120	3371	77
18353	19503	719	76
19503	18353	525	76
17843	19503	3780	141
19503	17843	5147	141
19124	19503	938	80
19503	19124	2633	80
18229	19503	198	65
19503	18229	-1	65
18616	19503	4892	165
19503	18616	-4566	165
19130	19503	993	82
19503	19130	146	82
18619	19503	4374	154
19503	18619	7209	154
17853	19503	3551	136
19503	17853	3358	136
19518	19503	-1985	18
19503	19518	-3048	18
19008	19503	826	78
19503	19008	1110	78
17217	19503	6177	193
19503	17217	4439	193
19139	19503	1022	82
19503	19139	-196	82
17860	19503	2463	113
19503	17860	516	113
19148	19503	1250	87
19503	19148	1689	87
19405	19503	529	72
19503	19405	1507	72
18640	19503	3468	135
19503	18640	1329	135
18641	19503	3640	138
19503	18641	6475	138
19153	19503	1302	88
19503	19153	4137	88
17872	19503	2025	104
19503	17872	4860	104
17364	19503	3129	127
19503	17364	-5253	127
18518	19503	3731	140
19503	18518	5650	140
19032	19503	1152	85
19503	19032	2538	85
19035	19503	554	72
19503	19035	2211	72
17502	19503	2187	107
19503	17502	4060	107
19422	19503	-33	60
19503	19422	2802	60
19041	19503	850	78
19503	19041	3686	78
18917	19503	-412	51
19503	18917	-690	51
17512	19503	1509	93
19503	17512	2797	93
17262	19503	6724	204
19503	17262	9560	204
18031	19503	-1831	21
19503	18031	-1236	21
19067	19503	1342	89
19503	19067	3475	89
18942	19503	-401	52
19503	18942	1234	52
0	19120	3858	88
1	19120	3858	88
19120	1	4120	88
2	19120	3858	88
19120	2	4120	88
3	19120	3858	88
19120	3	4120	88
4	19120	3858	88
19120	4	4120	88
5	19120	3858	88
19120	5	4120	88
6	19120	3858	88
19120	6	4120	88
7	19120	3858	88
19120	7	4120	88
8	19120	3858	88
19120	8	4120	88
9	19120	3858	88
19120	9	4120	88
19120	10	4120	88
18353	19120	5039	113
19120	18353	2271	113
17843	19120	9324	205
19120	17843	8117	205
19124	19120	-120	3
19120	19124	-999	3
18229	19120	4993	112
19120	18229	2219	112
18616	19120	10459	229
19120	18616	-1572	229
19130	19120	200	9
19120	19130	-3220	9
18619	19120	9941	218
19120	18619	10203	218
17853	19120	9095	200
19120	17853	6328	200
19518	19120	3365	77
19120	19518	-270	77
19008	19120	890	24
19120	19008	-1398	24
17217	19120	11465	251
19120	17217	7153	251
19139	19120	416	14
19120	19139	-3376	14
17860	19120	8007	177
19120	17860	3486	177
19148	19120	398	14
19120	19148	-1736	14
19405	19120	811	23
19120	19405	-783	23
18640	19120	8306	183
19120	18640	3593	183
18641	19120	8318	183
19120	18641	8580	183
19153	19120	634	19
19120	19153	896	19
17872	19120	7568	167
19120	17872	7830	167
17364	19120	7201	159
19120	17364	-3755	159
18518	19120	8129	179
19120	18518	7475	179
19032	19120	805	22
19120	19032	-381	22
19035	19120	552	17
19120	19035	-364	17
17502	19120	6615	147
19120	17502	5914	147
19422	19120	832	23
19120	19422	1094	23
19041	19120	641	19
19120	19041	903	19
18917	19120	1832	44
19120	18917	-1019	44
17512	19120	5812	130
19120	17512	4526	130
17262	19120	12012	263
19120	17262	12274	263
18031	19120	3526	81
19120	18031	1547	81
19067	19120	1410	35
19120	19067	969	35
18942	19120	2169	52
19120	18942	1231	52
0	18353	-1660	29
1	18353	-1660	29
18353	1	1369	29
2	18353	-1660	29
18353	2	1369	29
3	18353	-1660	29
18353	3	1369	29
4	18353	-1660	29
18353	4	1369	29
5	18353	-1660	29
18353	5	1369	29
6	18353	-1660	29
18353	6	1369	29
7	18353	-1660	29
18353	7	1369	29
8	18353	-1660	29
18353	8	1369	29
9	18353	-1660	29
18353	9	1369	29
18353	10	1369	29
17843	18353	4056	151
18353	17843	5617	151
19124	18353	2404	116
18353	19124	4293	116
18229	18353	293	71
18353	18229	287	71
18616	18353	3143	132
18353	18616	-6121	132
19130	18353	2552	119
18353	19130	1898	119
18619	18353	3164	132
18353	18619	6194	132
17853	18353	4457	160
18353	17853	4457	160
19518	18353	1375	94
18353	19518	507	94
19008	18353	2844	125
18353	19008	3322	125
17217	18353	8174	240
18353	17217	6630	240
19139	18353	2676	122
18353	19139	1651	122
17860	18353	2722	123
18353	17860	969	123
19148	18353	2754	123
18353	19148	3387	123
19405	18353	2183	111
18353	19405	3355	111
18640	18353	757	81
18353	18640	-1187	81
18641	18353	850	83
18353	18641	3880	83
19153	18353	2956	128
18353	19153	5985	128
17872	18353	2527	119
18353	17872	5556	119
17364	18353	6150	196
18353	17364	-2038	196
18518	18353	661	79
18353	18518	2774	79
19032	18353	3099	131
18353	19032	4680	131
19035	18353	2208	112
18353	19035	4059	112
17502	18353	5208	176
18353	17502	7275	176
19422	18353	1620	99
18353	19422	4650	99
19041	18353	2504	118
18353	19041	5534	118
18917	18353	952	85
18353	18917	867	85
17512	18353	4531	162
18353	17512	6012	162
17262	18353	8722	251
18353	17262	11751	251
18031	18353	-58	63
18353	18031	730	63
19067	18353	1584	98
18353	19067	3911	98
18942	18353	-159	61
18353	18942	1670	61
0	17843	5880	157
1	17843	5880	157
17843	1	7349	157
2	17843	5880	157
17843	2	7349	157
3	17843	5880	157
17843	3	7349	157
4	17843	5880	157
17843	4	7349	157
5	17843	5880	157
17843	5	7349	157
6	17843	5880	157
17843	6	7349	157
7	17843	5880	157
17843	7	7349	157
8	17843	5880	157
17843	8	7349	157
9	17843	5880	157
17843	9	7349	157
17843	10	7349	157
19124	17843	8259	208
17843	19124	8587	208
18229	17843	3571	108
17843	18229	2004	108
18616	17843	3807	113
17843	18616	-7018	113
19130	17843	8313	209
17843	19130	6099	209
18619	17843	3289	101
17843	18619	4757	101
17853	17843	-838	13
17843	17853	-2399	13
19518	17843	4835	135
17843	19518	2406	135
19008	17843	7844	199
17843	19008	6761	199
17217	17843	3093	97
17843	17217	-10	97
19139	17843	8343	210
17843	19139	5756	210
17860	17843	-134	28
17843	17860	-3448	28
19148	17843	8570	215
17843	19148	7643	215
19405	17843	7849	199
17843	19405	7461	199
18640	17843	4668	131
17843	18640	1162	131
18641	17843	4839	135
17843	18641	6308	135
19153	17843	8341	210
17843	19153	9809	210
17872	17843	520	42
17843	17872	1989	42
17364	17843	3947	116
17843	17364	-5802	116
18518	17843	4930	137
17843	18518	5483	137
19032	17843	8170	206
17843	19032	8189	206
19035	17843	7874	200
17843	19035	8165	200
17502	17843	2923	94
17843	17502	3428	94
19422	17843	7286	187
17843	19422	8755	187
19041	17843	7967	202
17843	19041	9436	202
18917	17843	6667	174
17843	18917	5022	174
17512	17843	4025	117
17843	17512	3945	117
17262	17843	3641	109
17843	17262	5109	109
18031	17843	4494	127
17843	18031	3722	127
19067	17843	8422	211
17843	19067	9187	211
18942	17843	6677	174
17843	18942	6947	174
0	19124	3121	91
1	19124	3121	91
19124	1	4261	91
2	19124	3121	91
19124	2	4261	91
3	19124	3121	91
19124	3	4261	91
4	19124	3121	91
19124	4	4261	91
5	19124	3121	91
19124	5	4261	91
6	19124	3121	91
19124	6	4261	91
7	19124	3121	91
19124	7	4261	91
8	19124	3121	91
19124	8	4261	91
9	19124	3121	91
19124	9	4261	91
19124	10	4261	91
18229	19124	4256	115
19124	18229	2361	115
18616	19124	9722	232
19124	18616	-1431	232
19130	19124	-598	11
19124	19130	-3141	11
18619	19124	9204	221
19124	18619	10345	221
17853	19124	8358	203
19124	17853	6469	203
19518	19124	2628	80
19124	19518	-129	80
19008	19124	153	27
19124	19008	-1257	27
17217	19124	10727	254
19124	17217	7294	254
19139	19124	-382	16
19124	19139	-3297	16
17860	19124	7269	180
19124	17860	3627	180
19148	19124	-456	14
19124	19148	-1712	14
19405	19124	74	26
19124	19405	-641	26
18640	19124	7568	186
19124	18640	3735	186
18641	19124	7573	186
19124	18641	8713	186
19153	19124	-164	20
19124	19153	976	20
17872	19124	6831	170
19124	17872	7972	170
17364	19124	6464	162
19124	17364	-3613	162
18518	19124	7384	182
19124	18518	7608	182
19032	19124	6	24
19124	19032	-301	24
19035	19124	-185	20
19124	19035	-222	20
17502	19124	5878	150
19124	17502	6055	150
19422	19124	95	26
19124	19422	1236	26
19041	19124	-95	22
19124	19041	1045	22
18917	19124	1095	47
19124	18917	-877	47
17512	19124	5075	133
19124	17512	4667	133
17262	19124	11275	266
19124	17262	12415	266
18031	19124	2789	84
19124	18031	1689	84
19067	19124	439	33
19124	19067	876	33
18942	19124	1423	54
19124	18942	1364	54
0	18229	-150	61
1	18229	-150	61
18229	1	2885	61
2	18229	-150	61
18229	2	2885	61
3	18229	-150	61
18229	3	2885	61
4	18229	-150	61
18229	4	2885	61
5	18229	-150	61
18229	5	2885	61
6	18229	-150	61
18229	6	2885	61
7	18229	-150	61
18229	7	2885	61
8	18229	-150	61
18229	8	2885	61
9	18229	-150	61
18229	9	2885	61
18229	10	2885	61
18616	18229	2662	122
18229	18616	-6596	122
19130	18229	2415	116
18229	19130	1768	116
18619	18229	2203	112
18229	18619	5239	112
17853	18229	2242	113
18229	17853	2249	113
19518	18229	848	83
18229	19518	-13	83
19008	18229	2613	121
18229	19008	3097	121
17217	18229	5459	182
18229	17217	3921	182
19139	18229	2445	117
18229	19139	1425	117
17860	18229	669	79
18229	17860	-1076	79
19148	18229	2672	122
18229	19148	3312	122
19405	18229	1951	106
18229	19405	3130	106
18640	18229	276	70
18229	18640	-1661	70
18641	18229	448	74
18229	18641	3483	74
19153	18229	2724	123
18229	19153	5760	123
17872	18229	231	70
18229	17872	3267	70
17364	18229	5097	174
18229	17364	-3085	174
18518	18229	539	76
18229	18518	2658	76
19032	18229	2867	126
18229	19032	4454	126
19035	18229	1976	107
18229	19035	3834	107
17502	18229	3838	147
18229	17502	5910	147
19422	18229	1388	94
18229	19422	4424	94
19041	18229	2272	113
18229	19041	5308	113
18917	18229	720	80
18229	18917	642	80
17512	18229	3477	139
18229	17512	4965	139
17262	18229	6006	193
18229	17262	9042	193
18031	18229	-1003	43
18229	18031	-207	43
19067	18229	2475	118
18229	19067	4808	118
18942	18229	730	80
18229	18942	2567	80
0	18616	-4752	161
1	18616	-4752	161
18616	1	7542	161
2	18616	-4752	161
18616	2	7542	161
3	18616	-4752	161
18616	3	7542	161
4	18616	-4752	161
18616	4	7542	161
5	18616	-4752	161
18616	5	7542	161
6	18616	-4752	161
18616	6	7542	161
7	18616	-4752	161
18616	7	7542	161
8	18616	-4752	161
18616	8	7542	161
9	18616	-4752	161
18616	9	7542	161
18616	10	7542	161
19130	18616	-1376	233
18616	19130	7235	233
18619	18616	-11776	11
18616	18619	518	11
17853	18616	-6572	122
18616	17853	2693	122
19518	18616	-4010	177
18616	19518	4386	177
19008	18616	-1197	237
18616	19008	8545	237
17217	18616	-2771	204
18616	17217	4949	204
19139	18616	-1347	234
18616	19139	6892	234
17860	18616	-7631	99
18616	17860	-119	99
19148	18616	-1120	239
18616	19148	8778	239
19405	18616	-1841	224
18616	19405	8596	224
18640	18616	-8235	86
18616	18640	-914	86
18641	18616	-8064	90
18616	18641	4230	90
19153	18616	-1068	240
18616	19153	11226	240
17872	18616	-7575	101
18616	17872	4719	101
17364	18616	-1786	225
18616	17364	-710	225
18518	18616	-7973	92
18616	18518	3405	92
19032	18616	-924	243
18616	19032	9921	243
19035	18616	-1815	224
18616	19035	9300	224
17502	18616	-2810	203
18616	17502	8521	203
19422	18616	-2403	211
18616	19422	9890	211
19041	18616	-1519	230
18616	19041	10775	230
18917	18616	-3072	197
18616	18917	6108	197
17512	18616	-2256	215
18616	17512	8489	215
17262	18616	-2223	215
18616	17262	10070	215
18031	18616	-5245	151
18616	18031	4809	151
19067	18616	-1507	231
18616	19067	10084	231
18942	18616	-3251	193
18616	18942	7844	193
0	19130	633	92
1	19130	633	92
19130	1	4316	92
2	19130	633	92
19130	2	4316	92
3	19130	633	92
19130	3	4316	92
4	19130	633	92
19130	4	4316	92
5	19130	633	92
19130	5	4316	92
6	19130	633	92
19130	6	4316	92
7	19130	633	92
19130	7	4316	92
8	19130	633	92
19130	8	4316	92
9	19130	633	92
19130	9	4316	92
19130	10	4316	92
18619	19130	6717	222
19130	18619	10399	222
17853	19130	5870	204
19130	17853	6524	204
19518	19130	136	81
19130	19518	-78	81
19008	19130	-2782	19
19130	19008	-1651	19
17217	19130	7827	246
19130	17217	6937	246
19139	19130	-3466	4
19130	19139	-3838	4
17860	19130	4782	181
19130	17860	3682	181
19148	19130	-3425	5
19130	19148	-2139	5
19405	19130	-2634	22
19130	19405	-808	22
18640	19130	5081	187
19130	18640	3789	187
18641	19130	5178	189
19130	18641	8861	189
19153	19130	-3248	9
19130	19153	434	9
17872	19130	4344	172
19130	17872	8026	172
17364	19130	3564	155
19130	17364	-3971	155
18518	19130	4989	185
19130	18518	7756	185
19032	19130	-3077	12
19130	19032	-843	12
19035	19130	-2998	14
19130	19035	-493	14
17502	19130	2978	142
19130	17502	5698	142
19422	19130	-2410	27
19130	19422	1272	27
19041	19130	-2995	14
19130	19041	687	14
18917	19130	-1392	49
19130	18917	-823	49
17512	19130	2175	125
19130	17512	4309	125
17262	19130	8335	257
19130	17262	12018	257
18031	19130	301	85
19130	18031	1743	85
19067	19130	-1693	42
19130	19067	1286	42
18942	19130	-971	58
19130	18942	1512	58
0	18619	7563	162
1	18619	7563	162
18619	1	7563	162
2	18619	7563	162
18619	2	7563	162
3	18619	7563	162
18619	3	7563	162
4	18619	7563	162
18619	4	7563	162
5	18619	7563	162
18619	5	7563	162
6	18619	7563	162
18619	6	7563	162
7	18619	7563	162
18619	7	7563	162
8	18619	7563	162
18619	8	7563	162
9	18619	7563	162
18619	9	7563	162
18619	10	7563	162
17853	18619	5204	111
18619	17853	2175	111
19518	18619	7766	166
18619	19518	3868	166
19008	18619	10579	226
18619	19008	8027	226
17217	18619	9005	192
18619	17217	4431	192
19139	18619	10429	223
18619	19139	6374	223
17860	18619	4145	88
18619	17860	-637	88
19148	18619	10656	228
18619	19148	8260	228
19405	18619	9935	212
18619	19405	8078	212
18640	18619	4442	95
18619	18640	-531	95
18641	18619	4614	98
18619	18641	4614	98
19153	18619	10708	229
18619	19153	10708	229
17872	18619	4201	90
18619	17872	4201	90
17364	18619	9990	214
18619	17364	-1228	214
18518	18619	4705	100
18619	18518	3789	100
19032	18619	10852	232
18619	19032	9403	232
19035	18619	9961	213
18619	19035	8782	213
17502	18619	8966	192
18619	17502	8003	192
19422	18619	9373	200
18619	19422	9373	200
19041	18619	10257	219
18619	19041	10257	219
18917	18619	8704	186
18619	18917	5590	186
17512	18619	9520	204
18619	17512	7971	204
17262	18619	9552	204
18619	17262	9552	204
18031	18619	6531	139
18619	18031	4291	139
19067	18619	10459	224
18619	19067	9756	224
18942	18619	8715	186
18619	18942	7515	186
0	17853	4380	158
1	17853	4380	158
17853	1	7409	158
2	17853	4380	158
17853	2	7409	158
3	17853	4380	158
17853	3	7409	158
4	17853	4380	158
17853	4	7409	158
5	17853	4380	158
17853	5	7409	158
6	17853	4380	158
17853	6	7409	158
7	17853	4380	158
17853	7	7409	158
8	17853	4380	158
17853	8	7409	158
9	17853	4380	158
17853	9	7409	158
17853	10	7409	158
19518	17853	3046	130
17853	19518	2177	130
19008	17853	6055	194
17853	19008	6532	194
17217	17853	903	84
17853	17217	-640	84
19139	17853	6553	205
17853	19139	5527	205
17860	17853	-1293	37
17853	17860	-3047	37
19148	17853	6781	210
17853	19148	7414	210
19405	17853	6060	194
17853	19405	7232	194
18640	17853	3508	140
17853	18640	1563	140
18641	17853	3680	143
17853	18641	6709	143
19153	17853	6551	205
17853	19153	9580	205
17872	17853	-638	51
17853	17872	2390	51
17364	17853	1756	102
17853	17364	-6432	102
18518	17853	3771	145
17853	18518	5884	145
19032	17853	6380	201
17853	19032	7961	201
19035	17853	6085	195
17853	19035	7936	195
17502	17853	1133	89
17853	17502	3199	89
19422	17853	5497	182
17853	19422	8526	182
19041	17853	6177	197
17853	19041	9207	197
18917	17853	5088	173
17853	18917	5004	173
17512	17853	2236	112
17853	17512	3717	112
17262	17853	1450	96
17853	17262	4480	96
18031	17853	2876	126
17853	18031	3665	126
19067	17853	6843	211
17853	19067	9169	211
18942	17853	5099	174
17853	18942	6929	174
0	19518	-862	65
1	19518	-862	65
19518	1	3035	65
2	19518	-862	65
19518	2	3035	65
3	19518	-862	65
19518	3	3035	65
4	19518	-862	65
19518	4	3035	65
5	19518	-862	65
19518	5	3035	65
6	19518	-862	65
19518	6	3035	65
7	19518	-862	65
19518	7	3035	65
8	19518	-862	65
19518	8	3035	65
9	19518	-862	65
19518	9	3035	65
19518	10	3035	65
19008	19518	-888	64
19518	19008	457	64
17217	19518	4402	177
19518	17217	3727	177
19139	19518	-295	77
19518	19139	-452	77
17860	19518	1331	112
19518	17860	447	112
19148	19518	97	85
19518	19148	1599	85
19405	19518	-856	65
19518	19405	1184	65
18640	19518	2962	147
19518	18640	1886	147
18641	19518	3134	150
19518	18641	7032	150
19153	19518	-392	75
19518	19153	3505	75
17872	19518	676	98
19518	17872	4574	98
17364	19518	1354	112
19518	17364	-5965	112
18518	19518	3225	152
19518	18518	6206	152
19032	19518	-563	71
19518	19032	1885	71
19035	19518	-654	69
19518	19035	2064	69
17502	19518	412	92
19518	17502	3347	92
19422	19518	-1101	59
19518	19422	2796	59
19041	19518	-766	67
19518	19041	3131	67
18917	19518	-1444	52
19518	18917	-660	52
17512	19518	-264	77
19518	17512	2084	77
17262	19518	4950	189
19518	17262	8848	189
18031	19518	-2044	39
19518	18031	-386	39
19067	19518	423	92
19518	19067	3618	92
18942	19518	-626	70
19518	18942	2071	70
0	19008	1961	96
1	19008	1961	96
19008	1	4513	96
2	19008	1961	96
19008	2	4513	96
3	19008	1961	96
19008	3	4513	96
4	19008	1961	96
19008	4	4513	96
5	19008	1961	96
19008	5	4513	96
6	19008	1961	96
19008	6	4513	96
7	19008	1961	96
19008	7	4513	96
8	19008	1961	96
19008	8	4513	96
9	19008	1961	96
19008	9	4513	96
19008	10	4513	96
17217	19008	8149	229
19008	17217	6127	229
19139	19008	-1867	14
19008	19139	-3371	14
17860	19008	5687	176
19008	17860	3456	176
19148	19008	-1475	23
19008	19148	-1319	23
19405	19008	-1645	19
19008	19405	-951	19
18640	19008	6409	192
19008	18640	3987	192
18641	19008	6581	195
19008	18641	9132	195
19153	19008	-1905	13
19008	19153	646	13
17872	19008	5032	162
19008	17872	7583	162
17364	19008	3885	137
19008	17364	-4781	137
18518	19008	6413	192
19008	18518	8048	192
19032	19008	-2007	11
19008	19032	-905	11
19035	19008	-1915	13
19008	19035	-542	13
17502	19008	3299	125
19008	17502	4888	125
19422	19008	-1327	26
19008	19422	1224	26
19041	19008	-2211	7
19008	19041	340	7
18917	19008	-63	53
19008	18917	-625	53
17512	19008	2496	108
19008	17512	3500	108
17262	19008	8696	241
19008	17262	11248	241
18031	19008	1630	89
19008	18031	1941	89
19067	19008	131	57
19008	19067	1980	57
18942	19008	544	66
19008	18942	1896	66
0	17217	6052	227
1	17217	6052	227
17217	1	10625	227
2	17217	6052	227
17217	2	10625	227
3	17217	6052	227
17217	3	10625	227
4	17217	6052	227
17217	4	10625	227
5	17217	6052	227
17217	5	10625	227
6	17217	6052	227
17217	6	10625	227
7	17217	6052	227
17217	7	10625	227
8	17217	6052	227
17217	8	10625	227
9	17217	6052	227
17217	9	10625	227
17217	10	10625	227
19139	17217	6720	242
17217	19139	7239	242
17860	17217	1094	121
17217	17860	885	121
19148	17217	7113	250
17217	19148	9290	250
19405	17217	6159	229
17217	19405	8876	229
18640	17217	5897	224
17217	18640	5496	224
18641	17217	6068	228
17217	18641	10642	228
19153	17217	6623	239
17217	19153	11197	239
17872	17217	1357	127
17217	17872	5931	127
17364	17217	104	100
17217	17364	-6540	100
18518	17217	6159	229
17217	18518	9816	229
19032	17217	6452	236
17217	19032	9577	236
19035	17217	6361	234
17217	19035	9756	234
17502	17217	551	109
17217	17502	4162	109
19422	17217	6386	234
17217	19422	10959	234
19041	17217	6249	231
17217	19041	10823	231
18917	17217	6043	227
17217	18917	7503	227
17512	17217	1309	126
17217	17512	4335	126
17262	17217	-4026	11
17217	17262	547	11
18031	17217	4496	194
17217	18031	6829	194
19067	17217	7910	267
17217	19067	11781	267
18942	17217	6718	241
17217	18942	10093	241
0	19139	290	93
1	19139	290	93
19139	1	4345	93
2	19139	290	93
19139	2	4345	93
3	19139	290	93
19139	3	4345	93
4	19139	290	93
19139	4	4345	93
5	19139	290	93
19139	5	4345	93
6	19139	290	93
19139	6	4345	93
7	19139	290	93
19139	7	4345	93
8	19139	290	93
19139	8	4345	93
9	19139	290	93
19139	9	4345	93
19139	10	4345	93
17860	19139	4439	182
19139	17860	3711	182
19148	19139	-3662	8
19139	19148	-2003	8
19405	19139	-3222	17
19139	19405	-1024	17
18640	19139	4738	188
19139	18640	3819	188
18641	19139	4909	192
19139	18641	8964	192
19153	19139	-3775	5
19139	19153	279	5
17872	19139	4001	172
19139	17872	8056	172
17364	19139	2975	150
19139	17364	-4187	150
18518	19139	4741	188
19139	18518	7880	188
19032	19139	-3605	9
19139	19032	-998	9
19035	19139	-3586	10
19139	19035	-710	10
17502	19139	2389	138
19139	17502	5481	138
19422	19139	-2998	22
19139	19422	1056	22
19041	19139	-3584	10
19139	19041	471	10
18917	19139	-1735	49
19139	18917	-793	49
17512	19139	1586	120
19139	17512	4093	120
17262	19139	7786	253
19139	17262	11841	253
18031	19139	-41	86
19139	18031	1773	86
19067	19139	-1849	47
19139	19067	1502	47
18942	19139	-1204	61
19139	18942	1651	61
0	17860	1232	128
1	17860	1232	128
17860	1	6015	128
2	17860	1232	128
17860	2	6015	128
3	17860	1232	128
17860	3	6015	128
4	17860	1232	128
17860	4	6015	128
5	17860	1232	128
17860	5	6015	128
6	17860	1232	128
17860	6	6015	128
7	17860	1232	128
17860	7	6015	128
8	17860	1232	128
17860	8	6015	128
9	17860	1232	128
17860	9	6015	128
17860	10	6015	128
19148	17860	3939	186
17860	19148	6325	186
19405	17860	3218	171
17860	19405	6144	171
18640	17860	20	102
17860	18640	-171	102
18641	17860	191	106
17860	18641	4974	106
19153	17860	3952	187
17860	19153	8735	187
17872	17860	-4127	14
17860	17872	655	14
17364	17860	1738	139
17860	17364	-4697	139
18518	17860	282	108
17860	18518	4148	108
19032	17860	3781	183
17860	19032	7115	183
19035	17860	3243	171
17860	19035	6847	171
17502	17860	147	105
17860	17502	3966	105
19422	17860	2655	159
17860	19422	7438	159
19041	17860	3539	178
17860	19041	8322	178
18917	17860	2019	145
17860	18917	3688	145
17512	17860	1250	129
17860	17512	4484	129
17262	17860	1432	133
17860	17262	6215	133
18031	17860	-153	99
17860	18031	2388	99
19067	17860	3774	183
17860	19067	7853	183
18942	17860	2029	145
17860	18942	5613	145
0	19148	2176	97
1	19148	2176	97
19148	1	4573	97
2	19148	2176	97
19148	2	4573	97
3	19148	2176	97
19148	3	4573	97
4	19148	2176	97
19148	4	4573	97
5	19148	2176	97
19148	5	4573	97
6	19148	2176	97
19148	6	4573	97
7	19148	2176	97
19148	7	4573	97
8	19148	2176	97
19148	8	4573	97
9	19148	2176	97
19148	9	4573	97
19148	10	4573	97
19405	19148	-1171	26
19148	19405	-631	26
18640	19148	6624	193
19148	18640	4046	193
18641	19148	6667	194
19148	18641	9063	194
19153	19148	-1785	13
19148	19153	611	13
17872	19148	5887	177
19148	17872	8283	177
17364	19148	5027	159
19148	17364	-3795	159
18518	19148	6478	190
19148	18518	7958	190
19032	19148	-1614	16
19148	19032	-667	16
19035	19148	-1535	18
19148	19035	-317	18
17502	19148	4441	146
19148	17502	5874	146
19422	19148	-947	31
19148	19422	1448	31
19041	19148	-1532	18
19148	19041	863	18
18917	19148	150	54
19148	18917	-566	54
17512	19148	3638	129
19148	17512	4486	129
17262	19148	9798	261
19148	17262	12194	261
18031	19148	1844	90
19148	18031	2000	90
19067	19148	-264	45
19148	19067	1428	45
18942	19148	517	62
19148	18942	1714	62
0	19405	1995	82
1	19405	1995	82
19405	1	3852	82
2	19405	1995	82
19405	2	3852	82
3	19405	1995	82
19405	3	3852	82
4	19405	1995	82
19405	4	3852	82
5	19405	1995	82
19405	5	3852	82
6	19405	1995	82
19405	6	3852	82
7	19405	1995	82
19405	7	3852	82
8	19405	1995	82
19405	8	3852	82
9	19405	1995	82
19405	9	3852	82
19405	10	3852	82
18640	19405	6442	177
19405	18640	3325	177
18641	19405	6614	181
19405	18641	8471	181
19153	19405	-745	23
19405	19153	1111	23
17872	19405	5705	162
19405	17872	7562	162
17364	19405	4612	138
19405	17364	-4749	138
18518	19405	6446	177
19405	18518	7387	177
19032	19405	-601	26
19405	19032	-193	26
19035	19405	-1492	7
19405	19035	-814	7
17502	19405	4026	126
19405	17502	4920	126
19422	19405	-1294	12
19405	19422	562	12
19041	19405	-1196	14
19405	19041	660	14
18917	19405	-30	39
19405	18917	-1287	39
17512	19405	3223	108
19405	17512	3532	108
17262	19405	9423	241
19405	17262	11280	241
18031	19405	1663	75
19405	18031	1279	75
19067	19405	718	55
19405	19067	1872	55
18942	19405	809	57
19405	18942	1467	57
0	18640	-203	102
1	18640	-203	102
18640	1	4770	102
2	18640	-203	102
18640	2	4770	102
3	18640	-203	102
18640	3	4770	102
4	18640	-203	102
18640	4	4770	102
5	18640	-203	102
18640	5	4770	102
6	18640	-203	102
18640	6	4770	102
7	18640	-203	102
18640	7	4770	102
8	18640	-203	102
18640	8	4770	102
9	18640	-203	102
18640	9	4770	102
18640	10	4770	102
18641	18640	-4802	3
18640	18641	171	3
19153	18640	4098	194
18640	19153	9072	194
17872	18640	-115	104
18640	17872	4858	104
17364	18640	5856	232
18640	17364	-387	232
18518	18640	-4663	6
18640	18518	-605	6
19032	18640	4241	197
18640	19032	7767	197
19035	18640	3350	178
18640	19035	7146	178
17502	18640	4597	205
18640	17502	8608	205
19422	18640	2762	165
18640	19422	7737	165
19041	18640	3646	184
18640	19041	8621	184
18917	18640	2094	151
18640	18917	3954	151
17512	18640	4237	197
18640	17512	7662	197
17262	18640	6043	236
18640	17262	11018	236
18031	18640	370	114
18640	18031	3104	114
19067	18640	3041	171
18640	19067	7312	171
18942	18640	1297	134
18640	18942	5072	134
0	18641	4648	99
1	18641	4648	99
18641	1	4648	99
2	18641	4648	99
18641	2	4648	99
3	18641	4648	99
18641	3	4648	99
4	18641	4648	99
18641	4	4648	99
5	18641	4648	99
18641	5	4648	99
6	18641	4648	99
18641	6	4648	99
7	18641	4648	99
18641	7	4648	99
8	18641	4648	99
18641	8	4648	99
9	18641	4648	99
18641	9	4648	99
18641	10	4648	99
19153	18641	9244	198
18641	19153	9244	198
17872	18641	5030	107
18641	17872	5030	107
17364	18641	11002	235
18641	17364	-216	235
18518	18641	235	5
18641	18518	-681	5
19032	18641	9387	201
18641	19032	7938	201
19035	18641	8496	182
18641	19035	7318	182
17502	18641	9743	208
18641	17502	8780	208
19422	18641	7908	169
18641	19422	7908	169
19041	18641	8792	188
18641	19041	8792	188
18917	18641	7240	155
18641	18917	4126	155
17512	18641	9382	201
18641	17512	7834	201
17262	18641	11189	239
18641	17262	11189	239
18031	18641	5516	118
18641	18031	3276	118
19067	18641	7893	169
18641	19067	7190	169
18942	18641	6149	131
18641	18942	4950	131
0	19153	4624	99
1	19153	4624	99
19153	1	4624	99
2	19153	4624	99
19153	2	4624	99
3	19153	4624	99
19153	3	4624	99
4	19153	4624	99
19153	4	4624	99
5	19153	4624	99
19153	5	4624	99
6	19153	4624	99
19153	6	4624	99
7	19153	4624	99
19153	7	4624	99
8	19153	4624	99
19153	8	4624	99
9	19153	4624	99
19153	9	4624	99
19153	10	4624	99
17872	19153	8080	173
19153	17872	8080	173
17364	19153	6933	148
19153	17364	-4285	148
18518	19153	9076	194
19153	18518	8159	194
19032	19153	170	3
19153	19032	-1278	3
19035	19153	747	16
19153	19035	-430	16
17502	19153	6347	136
19153	17502	5384	136
19422	19153	1335	28
19153	19422	1335	28
19041	19153	697	14
19153	19041	697	14
18917	19153	2599	55
19153	18917	-514	55
17512	19153	5544	118
19153	17512	3996	118
17262	19153	11583	248
19153	17262	11583	248
18031	19153	4293	91
19153	18031	2052	91
19067	19153	2424	51
19153	19067	1721	51
18942	19153	3129	67
19153	18942	1930	67
0	17872	5576	119
1	17872	5576	119
17872	1	5576	119
2	17872	5576	119
17872	2	5576	119
3	17872	5576	119
17872	3	5576	119
4	17872	5576	119
17872	4	5576	119
5	17872	5576	119
17872	5	5576	119
6	17872	5576	119
17872	6	5576	119
7	17872	5576	119
17872	7	5576	119
8	17872	5576	119
17872	8	5576	119
9	17872	5576	119
17872	9	5576	119
17872	10	5576	119
17364	17872	6784	145
17872	17364	-4434	145
18518	17872	5121	109
17872	18518	4204	109
19032	17872	7909	169
17872	19032	6460	169
19035	17872	7588	162
17872	19035	6409	162
17502	17872	4955	106
17872	17502	3992	106
19422	17872	7000	150
17872	19422	7000	150
19041	17872	7706	165
17872	19041	7706	165
18917	17872	6363	136
17872	18917	3249	136
17512	17872	5436	116
17872	17512	3888	116
17262	17872	6478	138
17872	17262	6478	138
18031	17872	4190	89
17872	18031	1950	89
19067	17872	8118	173
17872	19067	7415	173
18942	17872	6374	136
17872	18942	5175	136
0	17364	-3407	167
1	17364	-3407	167
17364	1	7811	167
2	17364	-3407	167
17364	2	7811	167
3	17364	-3407	167
17364	3	7811	167
4	17364	-3407	167
17364	4	7811	167
5	17364	-3407	167
17364	5	7811	167
6	17364	-3407	167
17364	6	7811	167
7	17364	-3407	167
17364	7	7811	167
8	17364	-3407	167
17364	8	7811	167
9	17364	-3407	167
17364	9	7811	167
17364	10	7811	167
18518	17364	-125	237
17364	18518	10177	237
19032	17364	-4455	144
17364	19032	5313	144
19035	17364	-4547	142
17364	19035	5492	142
17502	17364	-8954	48
17364	17502	1300	48
19422	17364	-4212	150
17364	19422	7006	150
19041	17364	-4658	140
17364	19041	6559	140
18917	17364	-3745	160
17364	18917	4359	160
17512	17364	-9598	34
17364	17512	71	34
17262	17364	-6185	107
17364	17262	5032	107
18031	17364	-5008	133
17364	18031	3969	133
19067	17364	-2225	192
17364	19067	8290	192
18942	17364	-2831	179
17364	18942	7187	179
0	18518	3543	95
1	18518	3543	95
18518	1	4459	95
2	18518	3543	95
18518	2	4459	95
3	18518	3543	95
18518	3	4459	95
4	18518	3543	95
18518	4	4459	95
5	18518	3543	95
18518	5	4459	95
6	18518	3543	95
18518	6	4459	95
7	18518	3543	95
18518	7	4459	95
8	18518	3543	95
18518	8	4459	95
9	18518	3543	95
18518	9	4459	95
18518	10	4459	95
19032	18518	8303	197
18518	19032	7770	197
19035	18518	7412	178
18518	19035	7150	178
17502	18518	8918	210
18518	17502	8871	210
19422	18518	6824	165
18518	19422	7740	165
19041	18518	7708	184
18518	19041	8624	184
18917	18518	6155	151
18518	18917	3958	151
17512	18518	8557	203
18518	17512	7925	203
17262	18518	10364	241
18518	17262	11280	241
18031	18518	4691	120
18518	18031	3367	120
19067	18518	6788	165
18518	19067	7001	165
18942	18518	5044	127
18518	18942	4761	127
0	19032	3319	102
1	19032	3319	102
19032	1	4768	102
2	19032	3319	102
19032	2	4768	102
3	19032	3319	102
19032	3	4768	102
4	19032	3319	102
19032	4	4768	102
5	19032	3319	102
19032	5	4768	102
6	19032	3319	102
19032	6	4768	102
7	19032	3319	102
19032	7	4768	102
8	19032	3319	102
19032	8	4768	102
9	19032	3319	102
19032	9	4768	102
19032	10	4768	102
19035	19032	-557	19
19032	19035	-287	19
17502	19032	4727	132
19032	17502	5213	132
19422	19032	30	31
19032	19422	1479	31
19041	19032	-854	12
19032	19041	594	12
18917	19032	1293	58
19032	18917	-371	58
17512	19032	3924	115
19032	17512	3825	115
17262	19032	9963	244
19032	17262	11412	244
18031	19032	2987	95
19032	18031	2196	95
19067	19032	1145	55
19032	19067	1891	55
18942	19032	1838	70
19032	18942	2088	70
0	19035	2698	83
1	19035	2698	83
19035	1	3877	83
2	19035	2698	83
19035	2	3877	83
3	19035	2698	83
19035	3	3877	83
4	19035	2698	83
19035	4	3877	83
5	19035	2698	83
19035	5	3877	83
6	19035	2698	83
19035	6	3877	83
7	19035	2698	83
19035	7	3877	83
8	19035	2698	83
19035	8	3877	83
9	19035	2698	83
19035	9	3877	83
19035	10	3877	83
17502	19035	4906	130
19035	17502	5121	130
19422	19035	-590	12
19035	19422	588	12
19041	19035	-882	6
19035	19041	296	6
18917	19035	673	39
19035	18917	-1262	39
17512	19035	4103	113
19035	17512	3733	113
17262	19035	10303	246
19035	17262	11482	246
18031	19035	2367	75
19035	18031	1304	75
19067	19035	1165	50
19035	19067	1641	50
18942	19035	1487	57
19035	18942	1467	57
0	17502	5905	147
1	17502	5905	147
17502	1	6869	147
2	17502	5905	147
17502	2	6869	147
3	17502	5905	147
17502	3	6869	147
4	17502	5905	147
17502	4	6869	147
5	17502	5905	147
17502	5	6869	147
6	17502	5905	147
17502	6	6869	147
7	17502	5905	147
17502	7	6869	147
8	17502	5905	147
17502	8	6869	147
9	17502	5905	147
17502	9	6869	147
17502	10	6869	147
19422	17502	5457	137
17502	19422	6420	137
19041	17502	5010	128
17502	19041	5973	128
18917	17502	5663	142
17502	18917	3513	142
17512	17502	139	23
17502	17512	-445	23
17262	17502	4709	121
17502	17262	5672	121
18031	17502	4304	112
17502	18031	3026	112
19067	17502	7444	180
17502	19067	7704	180
18942	17502	6481	159
17502	18942	6245	159
0	19422	3289	70
1	19422	3289	70
19422	1	3289	70
2	19422	3289	70
19422	2	3289	70
3	19422	3289	70
19422	3	3289	70
4	19422	3289	70
19422	4	3289	70
5	19422	3289	70
19422	5	3289	70
6	19422	3289	70
19422	6	3289	70
7	19422	3289	70
19422	7	3289	70
8	19422	3289	70
19422	8	3289	70
9	19422	3289	70
19422	9	3289	70
19422	10	3289	70
19041	19422	884	18
19422	19041	884	18
18917	19422	1263	27
19422	18917	-1850	27
17512	19422	5617	120
19422	17512	4069	120
17262	19422	11507	246
19422	17262	11507	246
18031	19422	2957	63
19422	18031	716	63
19067	19422	2302	49
19422	19067	1599	49
18942	19422	2104	45
19422	18942	905	45
0	19041	4173	89
1	19041	4173	89
19041	1	4173	89
2	19041	4173	89
19041	2	4173	89
3	19041	4173	89
19041	3	4173	89
4	19041	4173	89
19041	4	4173	89
5	19041	4173	89
19041	5	4173	89
6	19041	4173	89
19041	6	4173	89
7	19041	4173	89
19041	7	4173	89
8	19041	4173	89
19041	8	4173	89
9	19041	4173	89
19041	9	4173	89
19041	10	4173	89
18917	19041	2147	46
19041	18917	-966	46
17512	19041	5170	110
19041	17512	3622	110
17262	19041	11370	243
19041	17262	11370	243
18031	19041	3841	82
19041	18031	1601	82
19067	19041	2433	52
19041	19067	1730	52
18942	19041	2846	61
19041	18942	1647	61
0	18917	-492	56
1	18917	-492	56
18917	1	2620	56
2	18917	-492	56
18917	2	2620	56
3	18917	-492	56
18917	3	2620	56
4	18917	-492	56
18917	4	2620	56
5	18917	-492	56
18917	5	2620	56
6	18917	-492	56
18917	6	2620	56
7	18917	-492	56
18917	7	2620	56
8	18917	-492	56
18917	8	2620	56
9	18917	-492	56
18917	9	2620	56
18917	10	2620	56
17512	18917	2835	127
18917	17512	4400	127
17262	18917	8050	239
18917	17262	11164	239
18031	18917	-824	49
18917	18031	48	49
19067	18917	-1246	40
18917	19067	1164	40
18942	18917	-1766	28
18917	18942	147	28
0	17512	4643	132
1	17512	4643	132
17512	1	6191	132
2	17512	4643	132
17512	2	6191	132
3	17512	4643	132
17512	3	6191	132
4	17512	4643	132
17512	4	6191	132
5	17512	4643	132
17512	5	6191	132
6	17512	4643	132
17512	6	6191	132
7	17512	4643	132
17512	7	6191	132
8	17512	4643	132
17512	8	6191	132
9	17512	4643	132
17512	9	6191	132
17512	10	6191	132
17262	17512	4882	137
17512	17262	6430	137
18031	17512	3041	98
17512	18031	2349	98
19067	17512	6056	162
17512	19067	6901	162
18942	17512	5218	145
17512	18942	5567	145
0	17262	11173	239
1	17262	11173	239
17262	1	11173	239
2	17262	11173	239
17262	2	11173	239
3	17262	11173	239
17262	3	11173	239
4	17262	11173	239
17262	4	11173	239
5	17262	11173	239
17262	5	11173	239
6	17262	11173	239
17262	6	11173	239
7	17262	11173	239
17262	7	11173	239
8	17262	11173	239
17262	8	11173	239
9	17262	11173	239
17262	9	11173	239
17262	10	11173	239
18031	17262	9617	206
17262	18031	7376	206
19067	17262	13031	279
17262	19067	12328	279
18942	17262	11839	253
17262	18942	10640	253
0	18031	-638	34
1	18031	-638	34
18031	1	1601	34
2	18031	-638	34
18031	2	1601	34
3	18031	-638	34
18031	3	1601	34
4	18031	-638	34
18031	4	1601	34
5	18031	-638	34
18031	5	1601	34
6	18031	-638	34
18031	6	1601	34
7	18031	-638	34
18031	7	1601	34
8	18031	-638	34
18031	8	1601	34
9	18031	-638	34
18031	9	1601	34
18031	10	1601	34
19067	18031	1803	86
18031	19067	3340	86
18942	18031	58	49
18031	18942	1100	49
0	19067	2945	78
1	19067	2945	78
19067	1	3648	78
2	19067	2945	78
19067	2	3648	78
3	19067	2945	78
19067	3	3648	78
4	19067	2945	78
19067	4	3648	78
5	19067	2945	78
19067	5	3648	78
6	19067	2945	78
19067	6	3648	78
7	19067	2945	78
19067	7	3648	78
8	19067	2945	78
19067	8	3648	78
9	19067	2945	78
19067	9	3648	78
19067	10	3648	78
18942	19067	1041	37
19067	18942	545	37
0	18942	704	40
1	18942	704	40
18942	1	1904	40
2	18942	704	40
18942	2	1904	40
3	18942	704	40
18942	3	1904	40
4	18942	704	40
18942	4	1904	40
5	18942	704	40
18942	5	1904	40
6	18942	704	40
18942	6	1904	40
7	18942	704	40
18942	7	1904	40
8	18942	704	40
18942	8	1904	40
9	18942	704	40
18942	9	1904	40
18942	10	1904	40
