Nodes
0	0	1	0	660
1	0	1	120	600
2	0	1	120	600
3	0	1	120	600
4	0	1	120	600
5	0	1	120	600
6	0	1	120	600
7	0	1	120	600
8	0	1	120	600
9	0	1	120	600
10	0	1	120	660
17538	9	0	360	540
18822	7	0	360	540
19335	14	0	120	360
17036	6	0	360	540
18833	11	0	360	540
18322	11	0	120	360
17812	7	0	360	540
19605	10	0	120	360
17047	12	0	360	540
17049	7	0	360	540
18969	11	0	120	360
18074	10	0	120	360
18972	9	0	120	360
17563	10	0	120	360
19103	18	0	120	360
17058	14	0	360	540
17828	6	0	360	540
17957	4	0	360	540
19111	5	0	120	360
17834	14	0	360	540
19372	10	0	120	360
19503	3	0	120	360
19120	7	0	120	360
18353	12	0	120	360
17843	10	0	360	540
19124	9	0	120	360
18229	6	0	360	540
18616	10	0	360	540
19130	14	0	120	360
18619	11	0	360	540
17853	10	0	360	540
19518	10	0	120	360
19008	3	0	120	360
19139	10	0	120	360
17860	12	0	360	540
19148	14	0	120	360
19405	9	0	120	360
18640	9	0	360	540
18641	13	0	360	540
19153	4	0	120	360
17872	13	0	360	540
17364	14	0	360	540
18518	6	0	360	540
19032	7	0	120	360
19035	7	0	120	360
17502	12	0	360	540
19422	14	0	120	360
19041	7	0	120	360
18917	13	0	120	360
17512	12	0	360	540
18031	10	0	120	360
19067	7	0	120	360
18942	7	0	120	360
Arcs
0	17538	-13326	191
1	17538	-13326	191
17538	1	8921	191
2	17538	-13326	191
17538	2	8921	191
3	17538	-13326	191
17538	3	8921	191
4	17538	-13326	191
17538	4	8921	191
5	17538	-13326	191
17538	5	8921	191
6	17538	-13326	191
17538	6	8921	191
7	17538	-13326	191
17538	7	8921	191
8	17538	-13326	191
17538	8	8921	191
9	17538	-13326	191
17538	9	8921	191
17538	10	8921	191
18822	17538	-9755	267
17538	18822	-172	267
19335	17538	-19328	62
17538	19335	-17756	62
17036	17538	-19644	55
17538	17036	-15954	55
18833	17538	-12059	218
17538	18833	-5171	218
18322	17538	-14983	155
17538	18322	-2832	155
17812	17538	-16685	119
17538	17812	-11571	119
19605	17538	-19645	55
17538	19605	-15039	55
17047	17538	-17219	107
17538	17047	-7396	107
17049	17538	-16953	113
17538	17049	-10794	113
18969	17538	-17302	105
17538	18969	-11222	105
18074	17538	-18128	88
17538	18074	-12496	88
18972	17538	-16004	133
17538	18972	-7613	133
17563	17538	-20171	44
17538	17563	-22007	44
19103	17538	-16707	118
17538	19103	-14386	118
17058	17538	-16533	122
17538	17058	-9132	122
17828	17538	-17477	102
17538	17828	-12809	102
17957	17538	-18033	90
17538	17957	-13568	90
19111	17538	-16407	125
17538	19111	-13367	125
17834	17538	-17105	110
17538	17834	-11705	110
19372	17538	-19509	58
17538	19372	-22234	58
19503	17538	-18344	83
17538	19503	-11811	83
19120	17538	-16489	123
17538	19120	-13449	123
18353	17538	-15129	152
17538	18353	-34328	152
17843	17538	-16736	118
17538	17843	-15485	118
19124	17538	-16348	126
17538	19124	-13573	126
18229	17538	-16176	130
17538	18229	-24639	130
18616	17538	-12651	205
17538	18616	-7118	205
19130	17538	-16706	118
17538	19130	-14226	118
18619	17538	-13169	194
17538	18619	-8457	194
17853	17538	-16965	113
17538	17853	-12576	113
19518	17538	-19056	68
17538	19518	-14223	68
19008	17538	-17516	101
17538	19008	-15621	101
19139	17538	-16922	114
17538	19139	-6358	114
17860	17538	-16597	121
17538	17860	-12223	121
19148	17538	-16529	122
17538	19148	-14454	122
19405	17538	-17483	102
17538	19405	-14266	102
18640	17538	-13478	187
17538	18640	23	187
18641	17538	-13306	191
17538	18641	438	191
19153	17538	-17019	112
17538	19153	5228	112
17872	17538	-17252	107
17538	17872	-28407	107
17364	17538	-20186	44
17538	17364	-16480	44
18518	17538	-13215	193
17538	18518	907	193
19032	17538	-17190	108
17538	19032	-15805	108
19035	17538	-17282	106
17538	19035	-14115	106
17502	17538	-21128	23
17538	17502	-19125	23
19422	17538	-16946	113
17538	19422	-12604	113
19041	17538	-17393	104
17538	19041	-14818	104
18917	17538	-16740	118
17538	18917	-11060	118
17512	17538	-21806	9
17538	17512	-20922	9
18031	17538	-18099	88
17538	18031	-27066	88
19067	17538	-14959	156
17538	19067	-7975	156
18942	17538	-15922	135
17538	18942	-8019	135
0	18822	-8832	82
1	18822	-8832	82
18822	1	3832	82
2	18822	-8832	82
18822	2	3832	82
3	18822	-8832	82
18822	3	3832	82
4	18822	-8832	82
18822	4	3832	82
5	18822	-8832	82
18822	5	3832	82
6	18822	-8832	82
18822	6	3832	82
7	18822	-8832	82
18822	7	3832	82
8	18822	-8832	82
18822	8	3832	82
9	18822	-8832	82
18822	9	3832	82
18822	10	3832	82
19335	18822	-994	250
18822	19335	-9005	250
17036	18822	-680	256
18822	17036	-6574	256
18833	18822	-8985	78
18822	18833	-11680	78
18322	18822	-6283	136
18822	18322	-3716	136
17812	18822	-2354	220
18822	17812	-6823	220
19605	18822	-2744	212
18822	19605	-7721	212
17047	18822	-151	268
18822	17047	87	268
17049	18822	-1832	232
18822	17049	-5256	232
18969	18822	-3248	201
18822	18969	-6751	201
18074	18822	-3024	206
18822	18074	-6975	206
18972	18822	-4404	177
18822	18972	-5595	177
17563	18822	903	290
18822	17563	-10515	290
19103	18822	-1369	242
18822	19103	-8630	242
17058	18822	-1161	246
18822	17058	-3343	246
17828	18822	-4323	178
18822	17828	-9238	178
17957	18822	-3581	194
18822	17957	-8699	194
19111	18822	-1728	234
18822	19111	-8271	234
17834	18822	-4531	174
18822	17834	-8714	174
19372	18822	-812	253
18822	19372	-13120	253
19503	18822	-3474	196
18822	19503	-6525	196
19120	18822	-1728	234
18822	19120	-8271	234
18353	18822	-6429	133
18822	18353	-35211	133
17843	18822	-3269	201
18822	17843	-11601	201
19124	18822	-1595	237
18822	19124	-8404	237
18229	18822	-5629	150
18822	18229	-23675	150
18616	18822	-8308	93
18822	18616	-12358	93
19130	18822	-1448	240
18822	19130	-8551	240
18619	18822	-7790	104
18822	18619	-12660	104
17853	18822	-2868	209
18822	17853	-8062	209
19518	18822	-2624	215
18822	19518	-7375	215
19008	18822	-1155	246
18822	19008	-8844	246
19139	18822	-1323	243
18822	19139	-342	243
17860	18822	-4603	172
18822	17860	-9813	172
19148	18822	-1245	244
18822	19148	-8754	244
19405	18822	-1817	232
18822	19405	-8182	232
18640	18822	-8893	80
18822	18640	-4974	80
18641	18822	-9015	78
18822	18641	-4853	78
19153	18822	-1044	249
18822	19153	11620	249
17872	18822	-4547	173
18822	17872	-25285	173
17364	18822	1889	311
18822	17364	-3987	311
18518	18822	-9204	74
18822	18518	-4663	74
19032	18822	-900	252
18822	19032	-9099	252
19035	18822	-1791	232
18822	19035	-8208	232
17502	18822	326	278
18822	17502	-7253	278
19422	18822	-2379	220
18822	19422	-7620	220
19041	18822	-1495	239
18822	19041	-8504	239
18917	18822	-3048	206
18822	18917	-6951	206
17512	18822	269	277
18822	17512	-8429	277
18031	18822	-4059	184
18822	18031	-22609	184
19067	18822	-2415	219
18822	19067	-5014	219
18942	18822	-4159	182
18822	18942	-5839	182
0	19335	-12837	167
1	19335	-12837	167
19335	1	7837	167
2	19335	-12837	167
19335	2	7837	167
3	19335	-12837	167
19335	3	7837	167
4	19335	-12837	167
19335	4	7837	167
5	19335	-12837	167
19335	5	7837	167
6	19335	-12837	167
19335	6	7837	167
7	19335	-12837	167
19335	7	7837	167
8	19335	-12837	167
19335	8	7837	167
9	19335	-12837	167
19335	9	7837	167
19335	10	7837	167
17036	19335	-15152	118
19335	17036	-13035	118
18833	19335	-10476	218
19335	18833	-5160	218
18322	19335	-14494	132
19335	18322	-3916	132
17812	19335	-12193	181
19335	17812	-8651	181
19605	19335	-17732	63
19335	19605	-14698	63
17047	19335	-13003	164
19335	17047	-4752	164
17049	19335	-12461	176
19335	17049	-7874	176
18969	19335	-18389	48
19335	18969	-13881	48
18074	19335	-18598	44
19335	18074	-14538	44
18972	19335	-16757	83
19335	18972	-9938	83
17563	19335	-17733	63
19335	17563	-21141	63
19103	19335	-18055	56
19335	19103	-17305	56
17058	19335	-12303	179
19335	17058	-6475	179
17828	19335	-14498	132
19335	17828	-11403	132
17957	19335	-15054	120
19335	17957	-12162	120
19111	19335	-17754	62
19335	19111	-16287	62
17834	19335	-14315	136
19335	17834	-10488	136
19372	19335	-20493	3
19335	19372	-24790	3
19503	19335	-18195	53
19335	19503	-13235	53
19120	19335	-17837	60
19335	19120	-16368	60
18353	19335	-14640	129
19335	18353	-35412	129
17843	19335	-12544	174
19335	17843	-12865	174
19124	19335	-17695	63
19335	19124	-16493	63
18229	19335	-15161	118
19335	18229	-25197	118
18616	19335	-10760	212
19335	18616	-6800	212
19130	19335	-18053	56
19335	19130	-17146	56
18619	19335	-11278	201
19335	18619	-8138	201
17853	19335	-12773	169
19335	17853	-9956	169
19518	19335	-18848	39
19335	19518	-15588	39
19008	19335	-18863	38
19335	19008	-18541	38
19139	19335	-18269	51
19335	19139	-9277	51
17860	19335	-13619	151
19335	17860	-10817	151
19148	19335	-17877	59
19335	19148	-17374	59
19405	19335	-18831	39
19335	19405	-17186	39
18640	19335	-12184	181
19335	18640	-255	181
18641	19335	-12013	185
19335	18641	159	185
19153	19335	-18367	49
19335	19153	2308	49
17872	19335	-14274	137
19335	17872	-27000	137
17364	19335	-16050	99
19335	17364	-13917	99
18518	19335	-11922	187
19335	18518	628	187
19032	19335	-18538	45
19335	19032	-18725	45
19035	19335	-18629	43
19335	19035	-17035	43
17502	19335	-16636	86
19335	17502	-16205	86
19422	19335	-18294	51
19335	19422	-15523	51
19041	19335	-18740	41
19335	19041	-17738	41
18917	19335	-17827	61
19335	18917	-13719	61
17512	19335	-17439	69
19335	17512	-18128	69
18031	19335	-17191	74
19335	18031	-27731	74
19067	19335	-16307	93
19335	19067	-10895	93
18942	19335	-16676	85
19335	18942	-10345	85
0	17036	-9601	191
1	17036	-9601	191
17036	1	8957	191
2	17036	-9601	191
17036	2	8957	191
3	17036	-9601	191
17036	3	8957	191
4	17036	-9601	191
17036	4	8957	191
5	17036	-9601	191
17036	5	8957	191
6	17036	-9601	191
17036	6	8957	191
7	17036	-9601	191
17036	7	8957	191
8	17036	-9601	191
17036	8	8957	191
9	17036	-9601	191
17036	9	8957	191
17036	10	8957	191
18833	17036	-9271	199
17036	18833	-6072	199
18322	17036	-10613	170
17036	18322	-2151	170
17812	17036	-14958	77
17036	17812	-13533	77
19605	17036	-15168	72
17036	19605	-14251	72
17047	17036	-15492	65
17036	17047	-9358	65
17049	17036	-15226	71
17036	17049	-12756	71
18969	17036	-12744	124
17036	18969	-10353	124
18074	17036	-13570	106
17036	18074	-11627	106
18972	17036	-11589	149
17036	18972	-6886	149
17563	17036	-13997	97
17036	17563	-19521	97
19103	17036	-10733	167
17036	19103	-12101	167
17058	17036	-14806	80
17036	17058	-11094	80
17828	17036	-14689	82
17036	17828	-13710	82
17957	17036	-15245	71
17036	17957	-14469	71
19111	17036	-10926	163
17036	19111	-11575	163
17834	17036	-14316	90
17036	17834	-12606	90
19372	17036	-13216	114
17036	19372	-19630	114
19503	17036	-13786	102
17036	19503	-10942	102
19120	17036	-11008	161
17036	19120	-11656	161
18353	17036	-10758	167
17036	18353	-33647	167
17843	17036	-15009	76
17036	17843	-17447	76
19124	17036	-10867	164
17036	19124	-11781	164
18229	17036	-12996	119
17036	18229	-25148	119
18616	17036	-9917	185
17036	18616	-8073	185
19130	17036	-10812	165
17036	19130	-12022	165
18619	17036	-10435	174
17036	18619	-9412	174
17853	17036	-15238	71
17036	17853	-14538	71
19518	17036	-14498	87
17036	19518	-13355	87
19008	17036	-11489	151
17036	19008	-13284	151
19139	17036	-10896	164
17036	19139	-4020	164
17860	17036	-14471	87
17036	17860	-13787	87
19148	17036	-10555	171
17036	19148	-12170	171
19405	17036	-11457	152
17036	19405	-11929	152
18640	17036	-10298	177
17036	18640	-485	177
18641	17036	-10126	180
17036	18641	-70	180
19153	17036	-10993	162
17036	19153	7565	162
17872	17036	-14464	87
17036	17872	-29308	87
17364	17036	-14810	80
17036	17364	-14793	80
18518	17036	-10035	182
17036	18518	398	182
19032	17036	-11164	158
17036	19032	-13468	158
19035	17036	-11255	156
17036	19035	-11778	156
17502	17036	-17074	31
17036	17502	-18759	31
19422	17036	-11839	143
17036	19422	-11185	143
19041	17036	-11367	154
17036	19041	-12481	154
18917	17036	-12182	136
17036	18917	-10191	136
17512	17036	-15971	55
17036	17512	-18777	55
18031	17036	-13729	103
17036	18031	-26385	103
19067	17036	-10315	176
17036	19067	-7020	176
18942	17036	-11507	151
17036	18942	-7293	151
0	18833	-10179	111
1	18833	-10179	111
18833	1	5180	111
2	18833	-10179	111
18833	2	5180	111
3	18833	-10179	111
18833	3	5180	111
4	18833	-10179	111
18833	4	5180	111
5	18833	-10179	111
18833	5	5180	111
6	18833	-10179	111
18833	6	5180	111
7	18833	-10179	111
18833	7	5180	111
8	18833	-10179	111
18833	8	5180	111
9	18833	-10179	111
18833	9	5180	111
18833	10	5180	111
18322	18833	-9969	115
18833	18322	-4707	115
17812	18833	-8728	142
18833	17812	-10502	142
19605	18833	-7542	167
18833	19605	-9824	167
17047	18833	-6374	192
18833	17047	-3440	192
17049	18833	-8206	153
18833	17049	-8936	153
18969	18833	-6782	183
18833	18969	-7590	183
18074	18833	-6817	183
18833	18074	-8072	183
18972	18833	-7238	174
18833	18972	-5734	174
17563	18833	-4096	241
18833	17563	-12819	241
19103	18833	-4808	226
18833	19103	-9375	226
17058	18833	-7535	167
18833	17058	-7023	167
17828	18833	-9823	118
18833	17828	-12044	118
17957	18833	-9081	134
18833	17957	-11505	134
19111	18833	-5000	221
18833	19111	-8849	221
17834	18833	-10032	114
18833	17834	-11520	114
19372	18833	-4978	222
18833	19372	-14590	222
19503	18833	-7347	171
18833	19503	-7702	171
19120	18833	-5083	220
18833	19120	-8930	220
18353	18833	-9864	117
18833	18353	-35951	117
17843	18833	-9406	127
18833	17843	-15043	127
19124	18833	-4941	223
18833	19124	-9055	223
18229	18833	-10338	107
18833	18229	-25690	107
18616	18833	-14682	14
18833	18616	-16037	14
19130	18833	-4887	224
18833	19130	-9295	224
18619	18833	-14164	25
18833	18619	-16340	25
17853	18833	-8959	137
18833	17853	-11458	137
19518	18833	-6790	183
18833	19518	-8845	183
19008	18833	-4689	228
18833	19008	-9683	228
19139	18833	-4857	225
18833	19139	-1181	225
17860	18833	-10104	112
18833	17860	-12618	112
19148	18833	-4630	229
18833	19148	-9443	229
19405	18833	-5351	214
18833	19405	-9022	214
18640	18833	-11978	72
18833	18640	-5364	72
18641	18833	-11806	76
18833	18641	-4949	76
19153	18833	-4578	231
18833	19153	10781	231
17872	18833	-10048	113
18833	17872	-28090	113
17364	18833	-4173	239
18833	17364	-7356	239
18518	18833	-11715	78
18833	18518	-4480	78
19032	18833	-4435	234
18833	19032	-9938	234
19035	18833	-5326	215
18833	19035	-9047	215
17502	18833	-5198	217
18833	17502	-10082	217
19422	18833	-5914	202
18833	19422	-8459	202
19041	18833	-5030	221
18833	19041	-9343	221
18917	18833	-6582	188
18833	18917	-7790	188
17512	18833	-4729	227
18833	17512	-10734	227
18031	18833	-8306	151
18833	18031	-24161	151
19067	18833	-5249	216
18833	19067	-5154	216
18942	18833	-6994	179
18833	18942	-5979	179
0	18322	-7548	54
1	18322	-7548	54
18322	1	2548	54
2	18322	-7548	54
18322	2	2548	54
3	18322	-7548	54
18322	3	2548	54
4	18322	-7548	54
18322	4	2548	54
5	18322	-7548	54
18322	5	2548	54
6	18322	-7548	54
18322	6	2548	54
7	18322	-7548	54
18322	7	2548	54
8	18322	-7548	54
18322	8	2548	54
9	18322	-7548	54
18322	9	2548	54
18322	10	2548	54
17812	18322	-2113	171
18322	17812	-9149	171
19605	18322	-5433	99
18322	19605	-12977	99
17047	18322	-214	211
18322	17047	-2543	211
17049	18322	-1590	182
18322	17049	-7583	182
18969	18322	-6170	84
18322	18969	-12240	84
18074	18322	-5946	88
18322	18074	-12464	88
18972	18322	-7326	59
18322	18972	-11085	59
17563	18322	-1757	178
18322	17563	-15743	178
19103	18322	-4290	124
18322	19103	-14120	124
17058	18322	-970	195
18322	17058	-5721	195
17828	18322	-4598	117
18322	17828	-12081	117
17957	18322	-4496	120
18322	17957	-12182	120
19111	18322	-4649	116
18322	19111	-13761	116
17834	18322	-4964	109
18322	17834	-11715	109
19372	18322	-3734	136
18322	19372	-18609	136
19503	18322	-6396	79
18322	19503	-12014	79
19120	18322	-4650	116
18322	19120	-13760	116
18353	18322	-9951	3
18322	18353	-41301	3
17843	18322	-3117	149
18322	17843	-14016	149
19124	18322	-4517	119
18322	19124	-13893	119
18229	18322	-6879	68
18322	18229	-27493	68
18616	18322	-4029	130
18322	18616	-10647	130
19130	18322	-4369	122
18322	19130	-14041	122
18619	18322	-4008	130
18322	18619	-11447	130
17853	18322	-2715	158
18322	17853	-10477	158
19518	18322	-5546	97
18322	19518	-12864	97
19008	18322	-4077	129
18322	19008	-14333	128
19139	18322	-4245	125
18322	19139	-5831	125
17860	18322	-4451	120
18322	17860	-12228	120
19148	18322	-4167	127
18322	19148	-14243	127
19405	18322	-4738	114
18322	19405	-13672	114
18640	18322	-6416	78
18322	18640	-5065	78
18641	18322	-6244	82
18322	18641	-4650	82
19153	18322	-3966	131
18322	19153	6131	131
17872	18322	-4646	116
18322	17872	-27951	116
17364	18322	-771	199
18322	17364	-9216	199
18518	18322	-6260	82
18322	18518	-4288	82
19032	18322	-3822	134
18322	19032	-14588	134
19035	18322	-4713	115
18322	19035	-13697	115
17502	18322	-1713	179
18322	17502	-11860	179
19422	18322	-5301	102
18322	19422	-13109	102
19041	18322	-4417	121
18322	19041	-13993	121
18917	18322	-5970	88
18322	18917	-12441	88
17512	18322	-2391	165
18322	17512	-13658	165
18031	18322	-6980	66
18322	18031	-28098	66
19067	18322	-5337	102
18322	19067	-10504	102
18942	18322	-7081	64
18322	18942	-11329	64
0	17812	-8358	188
1	17812	-8358	188
17812	1	8775	188
2	17812	-8358	188
17812	2	8775	188
3	17812	-8358	188
17812	3	8775	188
4	17812	-8358	188
17812	4	8775	188
5	17812	-8358	188
17812	5	8775	188
6	17812	-8358	188
17812	6	8775	188
7	17812	-8358	188
17812	7	8775	188
8	17812	-8358	188
17812	8	8775	188
9	17812	-8358	188
17812	9	8775	188
17812	10	8775	188
19605	17812	-10842	134
17812	19605	-11350	134
17047	17812	-14779	50
17812	17047	-10071	50
17049	17812	-16611	11
17812	17049	-15567	11
18969	17812	-8572	183
17812	18969	-7606	183
18074	17812	-9398	165
17812	18074	-8880	165
18972	17812	-8147	192
17812	18972	-4869	192
17563	17812	-9613	161
17812	17563	-16563	161
19103	17812	-6560	226
17812	19103	-9353	226
17058	17812	-15940	25
17812	17058	-13654	25
17828	17812	-13915	68
17812	17828	-14362	68
17957	17812	-13912	69
17812	17957	-14562	69
19111	17812	-6753	222
17812	19111	-8828	222
17834	17812	-14033	66
17812	17834	-13747	66
19372	17812	-8833	177
17812	19372	-16671	177
19503	17812	-9806	157
17812	19503	-8388	157
19120	17812	-6836	220
17812	19120	-8909	220
18353	17812	-9043	173
17812	18353	-33357	173
17843	17812	-16129	21
17812	17843	-19992	21
19124	17812	-6694	223
17812	19124	-9034	223
18229	17812	-11089	129
17812	18229	-24667	129
18616	17812	-11180	127
17812	18616	-10761	127
19130	17812	-6640	224
17812	19130	-9274	224
18619	17812	-11698	116
17812	18619	-12100	116
17853	17812	-16193	20
17812	17853	-16918	20
19518	17812	-10118	150
17812	19518	-10399	150
19008	17812	-7109	214
17812	19008	-10329	214
19139	17812	-6610	225
17812	19139	-1160	225
17860	17812	-14795	50
17812	17860	-15536	50
19148	17812	-6383	230
17812	19148	-9422	230
19405	17812	-7104	214
17812	19405	-9001	214
18640	17812	-9993	153
17812	18640	-1605	153
18641	17812	-9821	156
17812	18641	-1190	156
19153	17812	-6612	225
17812	19153	10521	225
17872	17812	-14140	64
17812	17872	-30409	64
17364	17812	-12407	101
17812	17364	-13815	101
18518	17812	-9730	158
17812	18518	-721	158
19032	17812	-6783	221
17812	19032	-10513	221
19035	17812	-7078	215
17812	19035	-9026	215
17502	17812	-12690	95
17812	17502	-15801	95
19422	17812	-7666	202
17812	19422	-8438	202
19041	17812	-6986	217
17812	19041	-9526	217
18917	17812	-8075	194
17812	18917	-7510	194
17512	17812	-11588	118
17812	17512	-15819	118
18031	17812	-10287	146
17812	18031	-24368	146
19067	17812	-6320	231
17812	19067	-4451	231
18942	17812	-8065	194
17812	18942	-5276	194
0	19605	-11320	135
1	19605	-11320	135
19605	1	6320	135
2	19605	-11320	135
19605	2	6320	135
3	19605	-11320	135
19605	3	6320	135
4	19605	-11320	135
19605	4	6320	135
5	19605	-11320	135
19605	5	6320	135
6	19605	-11320	135
19605	6	6320	135
7	19605	-11320	135
19605	7	6320	135
8	19605	-11320	135
19605	8	6320	135
9	19605	-11320	135
19605	9	6320	135
19605	10	6320	135
17047	19605	-11227	137
19605	17047	-6010	137
17049	19605	-11222	137
19605	17049	-9669	137
18969	19605	-14839	60
19605	18969	-13365	60
18074	19605	-15665	42
19605	18074	-14639	42
18972	19605	-13953	79
19605	18972	-10168	79
17563	19605	-13964	78
19605	17563	-20405	78
19103	19605	-12828	103
19605	19103	-15113	103
17058	19605	-10725	148
19605	17058	-7930	148
17828	19605	-14015	77
19605	17828	-13954	77
17957	19605	-14571	65
19605	17957	-14713	65
19111	19605	-13021	99
19605	19111	-14587	99
17834	19605	-14134	75
19605	17834	-13341	75
19372	19605	-14516	66
19605	19372	-21846	66
19503	19605	-15881	37
19605	19503	-13955	37
19120	19605	-13103	97
19605	19120	-14669	97
18353	19605	-13123	96
19605	18353	-36929	96
17843	19605	-12061	119
19605	17843	-15416	119
19124	19605	-12962	100
19605	19124	-14793	100
18229	19605	-14142	74
19605	18229	-27212	74
18616	19605	-10416	154
19605	18616	-9489	154
19130	19605	-12907	101
19605	19130	-15034	101
18619	19605	-10934	143
19605	18619	-10828	143
17853	19605	-12290	114
19605	17853	-12507	114
19518	19605	-16525	23
19605	19518	-16298	23
19008	19605	-13516	88
19605	19008	-16227	88
19139	19605	-12922	101
19605	19139	-6964	101
17860	19605	-13378	91
19605	17860	-13611	91
19148	19605	-12650	106
19605	19148	-15182	106
19405	19605	-13483	89
19605	19405	-14872	89
18640	19605	-11444	132
19605	18640	-2549	132
18641	19605	-11273	136
19605	18641	-2134	136
19153	19605	-13019	99
19605	19153	4622	99
17872	19605	-13817	81
19605	17872	-29577	81
17364	19605	-12977	99
19605	17364	-13878	99
18518	19605	-11182	138
19605	18518	-1665	138
19032	19605	-13190	95
19605	19032	-16412	95
19035	19605	-13346	92
19605	19035	-14785	92
17502	19605	-13920	79
19605	17502	-16522	79
19422	19605	-13934	79
19605	19422	-14197	79
19041	19605	-13393	91
19605	19041	-15425	91
18917	19605	-14277	72
19605	18917	-13204	72
17512	19605	-14597	65
19605	17512	-18320	65
18031	19605	-16094	33
19605	18031	-29667	33
19067	19605	-12410	112
19605	19067	-10032	112
18942	19605	-13871	80
19605	18942	-10574	80
0	17047	-1751	228
1	17047	-1751	228
17047	1	10673	228
2	17047	-1751	228
17047	2	10673	228
3	17047	-1751	228
17047	3	10673	228
4	17047	-1751	228
17047	4	10673	228
5	17047	-1751	228
17047	5	10673	228
6	17047	-1751	228
17047	6	10673	228
7	17047	-1751	228
17047	7	10673	228
8	17047	-1751	228
17047	8	10673	228
9	17047	-1751	228
17047	9	10673	228
17047	10	10673	228
17049	17047	-10593	39
17047	17049	-14257	39
18969	17047	-3586	189
17047	18969	-7328	189
18074	17047	-4412	171
17047	18074	-8602	171
18972	17047	-2431	214
17047	18972	-3861	214
17563	17047	-6014	137
17047	17563	-17672	137
19103	17047	-2132	220
17047	19103	-9633	220
17058	17047	-11214	25
17047	17058	-13636	25
17828	17047	-7935	96
17047	17828	-13089	96
17957	17047	-8143	91
17047	17957	-13501	91
19111	17047	-1831	227
17047	19111	-8614	227
17834	17047	-7562	104
17047	17834	-11985	104
19372	17047	-4934	160
17047	19372	-17481	160
19503	17047	-4628	167
17047	19503	-7918	167
19120	17047	-1914	225
17047	19120	-8696	225
18353	17047	-2437	214
17047	18353	-31459	214
17843	17047	-9078	71
17047	17843	-17649	71
19124	17047	-1773	228
17047	19124	-8820	228
18229	17047	-5146	155
17047	18229	-23432	155
18616	17047	-4118	178
17047	18616	-8407	178
19130	17047	-2130	220
17047	19130	-9473	220
18619	17047	-4636	166
17047	18619	-9746	166
17853	17047	-9708	58
17047	17853	-15142	58
19518	17047	-5340	151
17047	19518	-10330	151
19008	17047	-2940	203
17047	19008	-10868	203
19139	17047	-2346	215
17047	19139	-1605	215
17860	17047	-7973	95
17047	17860	-13422	95
19148	17047	-1954	224
17047	19148	-9701	224
19405	17047	-2908	203
17047	19405	-9513	203
18640	17047	-3170	198
17047	18640	508	198
18641	17047	-2999	201
17047	18641	923	201
19153	17047	-2444	213
17047	19153	9981	213
17872	17047	-7710	101
17047	17872	-28687	101
17364	17047	-8963	74
17047	17364	-15080	74
18518	17047	-2908	203
17047	18518	1392	203
19032	17047	-2615	210
17047	19032	-11052	210
19035	17047	-2706	208
17047	19035	-9362	208
17502	17047	-8516	83
17047	17502	-16335	83
19422	17047	-2681	208
17047	19422	-8161	208
19041	17047	-2818	205
17047	19041	-10065	205
18917	17047	-3024	201
17047	18917	-7167	201
17512	17047	-7758	100
17047	17512	-16696	100
18031	17047	-4571	168
17047	18031	-23360	168
19067	17047	-1157	241
17047	19067	-3995	241
18942	17047	-2349	215
17047	18942	-4268	215
0	17049	-6792	199
1	17049	-6792	199
17049	1	9297	199
2	17049	-6792	199
17049	2	9297	199
3	17049	-6792	199
17049	3	9297	199
4	17049	-6792	199
17049	4	9297	199
5	17049	-6792	199
17049	5	9297	199
6	17049	-6792	199
17049	6	9297	199
7	17049	-6792	199
17049	7	9297	199
8	17049	-6792	199
17049	8	9297	199
9	17049	-6792	199
17049	9	9297	199
17049	10	9297	199
18969	17049	-7399	186
17049	18969	-7478	186
18074	17049	-8225	168
17049	18074	-8751	168
18972	17049	-6974	195
17049	18972	-4741	195
17563	17049	-8936	153
17049	17563	-16930	153
19103	17049	-5388	229
17049	19103	-9225	229
17058	17049	-15418	14
17049	17058	-14176	14
17828	17049	-12531	76
17049	17828	-14022	76
17957	17049	-12739	71
17049	17957	-14433	71
19111	17049	-5581	225
17049	19111	-8700	225
17834	17049	-12466	77
17049	17834	-13225	77
19372	17049	-8056	172
17049	19372	-16939	172
19503	17049	-8633	159
17049	19503	-8259	159
19120	17049	-5663	223
17049	19120	-8781	223
18353	17049	-7477	184
17049	18353	-32835	184
17843	17049	-14563	32
17049	17843	-19470	32
19124	17049	-5522	226
17049	19124	-8905	226
18229	17049	-9742	136
17049	18229	-24364	136
18616	17049	-9613	138
17049	18616	-10239	138
19130	17049	-5467	227
17049	19130	-9146	227
18619	17049	-10131	127
17049	18619	-11577	127
17853	17049	-14841	26
17049	17853	-16610	26
19518	17049	-8945	153
17049	19518	-10271	153
19008	17049	-6062	214
17049	19008	-10327	214
19139	17049	-5469	227
17049	19139	-1063	227
17860	17049	-13229	61
17049	17860	-15014	61
19148	17049	-5210	233
17049	19148	-9294	233
19405	17049	-6030	215
17049	19405	-8971	215
18640	17049	-8426	164
17049	18640	-1083	164
18641	17049	-8255	167
17049	18641	-668	167
19153	17049	-5566	225
17049	19153	10523	225
17872	17049	-12574	75
17049	17872	-29887	75
17364	17049	-11885	90
17049	17364	-14338	90
18518	17049	-8164	169
17049	18518	-199	169
19032	17049	-5737	221
17049	19032	-10511	221
19035	17049	-5906	218
17049	19035	-8898	218
17502	17049	-11913	89
17049	17502	-16069	89
19422	17049	-6494	205
17049	19422	-8310	205
19041	17049	-5940	217
17049	19041	-9524	217
18917	17049	-6903	196
17049	18917	-7382	196
17512	17049	-10811	113
17049	17512	-16086	113
18031	17049	-9115	149
17049	18031	-24240	149
19067	17049	-5148	234
17049	19067	-4323	234
18942	17049	-6892	197
17049	18942	-5148	197
0	18969	-10583	119
1	18969	-10583	119
18969	1	5583	119
2	18969	-10583	119
18969	2	5583	119
3	18969	-10583	119
18969	3	5583	119
4	18969	-10583	119
18969	4	5583	119
5	18969	-10583	119
18969	5	5583	119
6	18969	-10583	119
18969	6	5583	119
7	18969	-10583	119
18969	7	5583	119
8	18969	-10583	119
18969	8	5583	119
9	18969	-10583	119
18969	9	5583	119
18969	10	5583	119
18074	18969	-15226	20
18969	18074	-15674	20
18972	18969	-14536	34
18969	18972	-12224	34
17563	18969	-10939	112
18969	17563	-18855	112
19103	18969	-14099	44
18969	19103	-17858	44
17058	18969	-6981	196
18969	17058	-5660	196
17828	18969	-10271	126
18969	17828	-11684	126
17957	18969	-10827	114
18969	17957	-12443	114
19111	18969	-14291	40
18969	19111	-17332	40
17834	18969	-10390	123
18969	17834	-11071	123
19372	18969	-13699	52
18969	19372	-22504	52
19503	18969	-14270	40
18969	19503	-13818	40
19120	18969	-14374	38
18969	19120	-17413	38
18353	18969	-12386	81
18969	18353	-37666	81
17843	18969	-8317	168
18969	17843	-13146	168
19124	18969	-14232	41
18969	19124	-17538	41
18229	18969	-12611	76
18969	18229	-27155	76
18616	18969	-7145	193
18969	18616	-7692	193
19130	18969	-14178	42
18969	19130	-17779	42
18619	18969	-7663	182
18969	18619	-9031	182
17853	18969	-8546	163
18969	17853	-10237	163
19518	18969	-14276	40
18969	19518	-15523	40
19008	18969	-13981	46
18969	19008	-18167	46
19139	18969	-14149	43
18969	19139	-9664	43
17860	18969	-9634	139
18969	17860	-11341	139
19148	18969	-13921	48
18969	19148	-17926	48
19405	18969	-14642	32
18969	19405	-17505	32
18640	18969	-9299	147
18969	18640	-1878	147
18641	18969	-9127	150
18969	18641	-1462	150
19153	18969	-13869	49
18969	19153	2298	49
17872	18969	-10072	130
18969	17872	-27307	130
17364	18969	-9256	148
18969	17364	-11631	148
18518	18969	-9295	147
18969	18518	-1252	147
19032	18969	-13726	52
18969	19032	-18421	52
19035	18969	-14617	33
18969	19035	-17530	33
17502	18969	-10103	129
18969	17502	-14179	129
19422	18969	-15205	20
18969	19422	-16942	20
19041	18969	-14321	39
18969	19041	-17826	39
18917	18969	-15527	13
18969	18917	-15927	13
17512	18969	-10780	115
18969	17512	-15977	115
18031	18969	-14079	44
18969	18031	-29126	44
19067	18969	-13659	53
18969	19067	-12756	53
18942	18969	-14454	36
18969	18942	-12631	36
0	18074	-10807	124
1	18074	-10807	124
18074	1	5807	124
2	18074	-10807	124
18074	2	5807	124
3	18074	-10807	124
18074	3	5807	124
4	18074	-10807	124
18074	4	5807	124
5	18074	-10807	124
18074	5	5807	124
6	18074	-10807	124
18074	6	5807	124
7	18074	-10807	124
18074	7	5807	124
8	18074	-10807	124
18074	8	5807	124
9	18074	-10807	124
18074	9	5807	124
18074	10	5807	124
18972	18074	-14042	55
18074	18972	-11283	55
17563	18074	-11596	107
18074	17563	-19064	107
19103	18074	-13663	63
18074	19103	-16974	63
17058	18074	-8255	179
18074	17058	-6486	179
17828	18074	-11545	108
18074	17828	-12510	108
17957	18074	-12101	96
18074	17957	-13269	96
19111	18074	-13855	59
18074	19111	-16448	59
17834	18074	-11664	106
18074	17834	-11897	106
19372	18074	-14356	48
18074	19372	-22713	48
19503	18074	-15598	21
18074	19503	-14698	21
19120	18074	-13938	57
18074	19120	-16529	57
18353	18074	-12610	85
18074	18353	-37442	85
17843	18074	-9591	150
18074	17843	-13972	150
19124	18074	-13796	60
18074	19124	-16654	60
18229	18074	-13094	75
18074	18229	-27189	75
18616	18074	-8304	178
18074	18616	-8403	178
19130	18074	-13742	61
18074	19130	-16895	61
18619	18074	-8821	167
18074	18619	-9741	167
17853	18074	-9820	145
18074	17853	-11063	145
19518	18074	-15550	22
18074	19518	-16349	22
19008	18074	-13544	65
18074	19008	-17282	65
19139	18074	-13712	62
18074	19139	-8780	62
17860	18074	-10908	122
18074	17860	-12167	122
19148	18074	-13485	67
18074	19148	-17042	67
19405	18074	-14206	51
18074	19405	-16621	51
18640	18074	-9781	146
18074	18640	-1912	146
18641	18074	-9610	150
18074	18641	-1497	150
19153	18074	-13433	68
18074	19153	3182	68
17872	18074	-11346	112
18074	17872	-28133	112
17364	18074	-10434	132
18074	17364	-12361	132
18518	18074	-9519	152
18074	18518	-1028	152
19032	18074	-13290	71
18074	19032	-17537	71
19035	18074	-14181	52
18074	19035	-16646	52
17502	18074	-11376	112
18074	17502	-15005	112
19422	18074	-14769	39
18074	19422	-16058	39
19041	18074	-13885	58
18074	19041	-16942	58
18917	18074	-15112	32
18074	18917	-15064	32
17512	18074	-12054	97
18074	17512	-16803	97
18031	18074	-15028	34
18074	18031	-29627	34
19067	18074	-13244	72
18074	19067	-11892	72
18942	18074	-13960	56
18074	18942	-11689	56
0	18972	-9428	94
1	18972	-9428	94
18972	1	4428	94
2	18972	-9428	94
18972	2	4428	94
3	18972	-9428	94
18972	3	4428	94
4	18972	-9428	94
18972	4	4428	94
5	18972	-9428	94
18972	5	4428	94
6	18972	-9428	94
18972	6	4428	94
7	18972	-9428	94
18972	7	4428	94
8	18972	-9428	94
18972	8	4428	94
9	18972	-9428	94
18972	9	4428	94
18972	10	4428	94
17563	18972	-6996	147
18972	17563	-17223	147
19103	18972	-10667	68
18972	19103	-16738	68
17058	18972	-4244	205
18972	17058	-5235	205
17828	18972	-7535	135
18972	17828	-11259	135
17957	18972	-8091	123
18972	17957	-12018	123
19111	18972	-11026	60
18972	19111	-16379	60
17834	18972	-7881	128
18972	17834	-10873	128
19372	18972	-9756	87
18972	19372	-20872	87
19503	18972	-11504	50
18972	19503	-13363	50
19120	18972	-11027	60
18972	19120	-16378	60
18353	18972	-11230	56
18972	18353	-38821	56
17843	18972	-5791	172
18972	17843	-12931	172
19124	18972	-10894	63
18972	19124	-16511	63
18229	18972	-10171	78
18972	18229	-27026	78
18616	18972	-5057	188
18972	18616	-7916	188
19130	18972	-10746	66
18972	19130	-16659	66
18619	18972	-5223	184
18972	18619	-8902	184
17853	18972	-5809	172
18972	17853	-9812	172
19518	18972	-10667	68
18972	19518	-14226	68
19008	18972	-10362	74
18972	19008	-16860	74
19139	18972	-10608	69
18972	19139	-8435	69
17860	18972	-7125	144
18972	17860	-11143	144
19148	18972	-10544	70
18972	19148	-16861	70
19405	18972	-10793	65
18972	19405	-15967	65
18640	18972	-7829	129
18972	18640	-2719	129
18641	18972	-7951	126
18972	18641	-2597	126
19153	18972	-10329	75
18972	19153	3527	75
17872	18972	-7564	134
18972	17872	-27110	134
17364	18972	-5551	177
18972	17364	-10237	177
18518	18972	-8140	122
18972	18518	-2408	122
19032	18972	-10170	78
18972	19032	-17177	78
19035	18972	-10792	65
18972	19035	-16017	65
17502	18972	-6493	157
18972	17502	-12882	157
19422	18972	-11355	53
18972	19422	-15404	53
19041	18972	-10611	69
18972	19041	-16428	69
18917	18972	-12111	37
18972	18917	-14823	37
17512	18972	-7171	143
18972	17512	-14679	143
18031	18972	-11638	47
18972	18031	-28997	47
19067	18972	-11714	45
18972	19067	-13122	45
18942	18972	-13257	12
18972	18942	-13746	12
0	17563	-14086	214
1	17563	-14086	214
17563	1	9996	214
2	17563	-14086	214
17563	2	9996	214
3	17563	-14086	214
17563	3	9996	214
4	17563	-14086	214
17563	4	9996	214
5	17563	-14086	214
17563	5	9996	214
6	17563	-14086	214
17563	6	9996	214
7	17563	-14086	214
17563	7	9996	214
8	17563	-14086	214
17563	8	9996	214
9	17563	-14086	214
17563	9	9996	214
17563	10	9996	214
19103	17563	-19870	90
17563	19103	-15713	90
17058	17563	-16972	152
17563	17058	-7737	152
17828	17563	-18237	125
17563	17828	-11734	125
17957	17563	-18793	113
17563	17957	-12493	113
19111	17563	-19186	104
17563	19111	-14311	104
17834	17563	-17865	133
17563	17834	-10630	133
19372	17563	-21322	59
17563	19372	-22211	59
19503	17563	-19104	106
17563	19503	-10736	106
19120	17563	-19406	100
17563	19120	-14530	100
18353	17563	-15889	175
17563	18353	-33253	175
17843	17563	-16614	160
17563	17843	-13527	160
19124	17563	-19326	101
17563	19124	-14716	101
18229	17563	-16936	153
17563	18229	-23564	153
18616	17563	-13411	228
17563	18616	-6043	228
19130	17563	-19868	90
17563	19130	-15553	90
18619	17563	-13929	217
17563	18619	-7382	217
17853	17563	-16843	155
17563	17853	-10618	155
19518	17563	-19816	91
17563	19518	-13148	91
19008	17563	-20211	82
17563	19008	-16481	82
19139	17563	-20024	86
17563	19139	-7624	86
17860	17563	-17357	144
17563	17860	-11148	144
19148	17563	-19692	94
17563	19148	-15782	94
19405	17563	-19866	90
17563	19405	-14813	90
18640	17563	-14238	210
17563	18640	1098	210
18641	17563	-14067	214
17563	18641	1513	214
19153	17563	-20303	81
17563	19153	3779	81
17872	17563	-18013	130
17563	17872	-27332	130
17364	17563	-20719	72
17563	17364	-15178	72
18518	17563	-13976	216
17563	18518	1982	216
19032	17563	-20474	77
17563	19032	-17254	77
19035	17563	-19730	93
17563	19035	-14727	93
17502	17563	-21006	65
17563	17502	-17167	65
19422	17563	-19329	101
17563	19422	-13151	101
19041	17563	-20026	86
17563	19041	-15616	86
18917	17563	-18293	124
17563	18917	-10777	124
17512	17563	-22108	42
17563	17512	-19389	42
18031	17563	-18860	111
17563	18031	-25991	111
19067	17563	-17879	132
17563	19067	-9060	132
18942	17563	-17270	145
17563	18942	-7531	145
0	19103	-12463	159
1	19103	-12463	159
19103	1	7463	159
2	19103	-12463	159
19103	2	7463	159
3	19103	-12463	159
19103	3	7463	159
4	19103	-12463	159
19103	4	7463	159
5	19103	-12463	159
19103	5	7463	159
6	19103	-12463	159
19103	6	7463	159
7	19103	-12463	159
19103	7	7463	159
8	19103	-12463	159
19103	8	7463	159
9	19103	-12463	159
19103	9	7463	159
19103	10	7463	159
17058	19103	-8933	235
19103	17058	-3854	235
17828	19103	-12019	169
19103	17828	-9673	169
17957	19103	-12575	157
19103	17957	-10432	157
19111	19103	-19165	16
19103	19111	-18446	16
17834	19103	-12138	166
19103	17834	-9060	166
19372	19103	-17123	60
19103	19372	-22169	60
19503	19103	-16018	83
19103	19503	-11807	83
19120	19103	-19385	11
19103	19120	-18666	11
18353	19103	-14265	121
19103	18353	-35786	121
17843	19103	-10065	211
19103	17843	-11134	211
19124	19103	-19323	12
19103	19124	-18869	12
18229	19103	-14396	118
19103	18229	-25180	118
18616	19103	-8929	235
19103	18616	-5718	235
19130	19103	-19847	1
19103	19130	-19689	1
18619	19103	-9447	224
19103	18619	-7056	224
17853	19103	-10294	206
19103	17853	-8226	206
19518	19103	-16108	81
19103	19518	-13597	81
19008	19103	-19027	19
19103	19008	-19455	19
19139	19103	-19711	4
19103	19139	-11468	4
17860	19103	-11382	183
19103	17860	-9330	183
19148	19103	-19748	3
19103	19148	-19995	3
19405	19103	-18879	22
19103	19405	-17983	22
18640	19103	-11083	189
19103	18640	96	189
18641	19103	-10986	191
19103	18641	437	191
19153	19103	-19493	9
19103	19153	433	9
17872	19103	-11820	173
19103	17872	-25296	173
17364	19103	-12681	155
19103	17364	-11296	155
18518	19103	-11175	187
19103	18518	626	187
19032	19103	-19322	12
19103	19032	-20259	12
19035	19103	-19243	14
19103	19035	-18397	14
17502	19103	-13266	142
19103	17502	-13584	142
19422	19103	-18655	27
19103	19422	-16634	27
19041	19103	-19240	14
19103	19041	-18987	14
18917	19103	-17557	50
19103	18917	-14198	50
17512	19103	-14069	125
19103	17512	-15507	125
18031	19103	-15863	87
19103	18031	-27151	87
19067	19103	-17875	43
19103	19067	-13213	43
18942	19103	-17135	59
19103	18942	-11554	59
0	17058	-4930	212
1	17058	-4930	212
17058	1	9917	212
2	17058	-4930	212
17058	2	9917	212
3	17058	-4930	212
17058	3	9917	212
4	17058	-4930	212
17058	4	9917	212
5	17058	-4930	212
17058	5	9917	212
6	17058	-4930	212
17058	6	9917	212
7	17058	-4930	212
17058	7	9917	212
8	17058	-4930	212
17058	8	9917	212
9	17058	-4930	212
17058	9	9917	212
17058	10	9917	212
17828	17058	-10792	86
17058	17828	-13525	86
17957	17058	-11001	82
17058	17957	-13936	82
19111	17058	-3842	235
17058	19111	-8203	235
17834	17058	-10604	90
17058	17834	-12605	90
19372	17058	-6656	175
17058	19372	-16781	175
19503	17058	-6894	170
17058	19503	-7762	170
19120	17058	-3924	234
17058	19120	-8284	234
18353	17058	-5615	197
17058	18353	-32215	197
17843	17058	-12650	47
17058	17843	-18799	47
19124	17058	-3783	237
17058	19124	-8408	237
18229	17058	-8003	146
17058	18229	-23867	146
18616	17058	-7700	153
17058	18616	-9568	153
19130	17058	-3853	235
17058	19130	-8774	235
18619	17058	-8218	142
17058	18619	-10906	142
17853	17058	-13102	37
17058	17853	-16113	37
19518	17058	-7207	163
17058	19518	-9774	163
19008	17058	-4663	218
17058	19008	-10169	218
19139	17058	-4069	230
17058	19139	-905	230
17860	17058	-11367	74
17058	17860	-14393	74
19148	17058	-3676	239
17058	19148	-9002	239
19405	17058	-4631	218
17058	19405	-8814	218
18640	17058	-6564	177
17058	18640	-463	177
18641	17058	-6393	181
17058	18641	-48	181
19153	17058	-4166	228
17058	19153	10680	228
17872	17058	-10711	88
17058	17872	-29266	88
17364	17058	-10686	89
17058	17364	-14380	89
18518	17058	-6302	183
17058	18518	420	183
19032	17058	-4337	225
17058	19032	-10353	225
19035	17058	-4429	223
17058	19035	-8663	223
17502	17058	-10252	98
17058	17502	-15649	98
19422	17058	-4755	216
17058	19422	-7813	216
19041	17058	-4540	220
17058	19041	-9366	220
18917	17058	-5164	207
17058	18917	-6885	207
17512	17058	-9480	115
17058	17512	-15997	115
18031	17058	-7376	160
17058	18031	-23743	160
19067	17058	-3409	245
17058	19067	-3826	245
18942	17058	-5153	207
17058	18942	-4651	207
0	17828	-11290	134
1	17828	-11290	134
17828	1	6290	134
2	17828	-11290	134
17828	2	6290	134
3	17828	-11290	134
17828	3	6290	134
4	17828	-11290	134
17828	4	6290	134
5	17828	-11290	134
17828	5	6290	134
6	17828	-11290	134
17828	6	6290	134
7	17828	-11290	134
17828	7	6290	134
8	17828	-11290	134
17828	8	6290	134
9	17828	-11290	134
17828	9	6290	134
17828	10	6290	134
17957	17828	-16838	15
17828	17957	-17041	15
19111	17828	-9865	165
17828	19111	-11493	165
17834	17828	-17208	7
17828	17834	-16475	7
19372	17828	-11456	131
17828	19372	-18848	131
19503	17828	-12918	99
17828	19503	-11053	99
19120	17828	-9948	163
17828	19120	-11575	163
18353	17828	-11975	120
17828	18353	-35842	120
17843	17828	-15366	47
17828	17843	-18782	47
19124	17828	-9806	166
17828	19124	-11699	166
18229	17828	-14264	71
17828	18229	-27395	71
18616	17828	-12636	105
17828	18616	-11771	105
19130	17828	-9752	167
17828	19130	-11940	167
18619	17828	-13154	94
17828	18619	-13109	94
17853	17828	-15090	53
17828	17853	-15369	53
19518	17828	-13230	93
17828	19518	-13065	93
19008	17828	-10221	157
17828	19008	-12994	157
19139	17828	-9722	168
17828	19139	-3826	168
17860	17828	-16700	18
17828	17860	-16994	18
19148	17828	-9495	173
17828	19148	-12088	173
19405	17828	-10216	157
17828	19405	-11666	157
18640	17828	-12497	108
17828	18640	-3662	108
18641	17828	-12325	112
17828	18641	-3247	112
19153	17828	-9725	168
17828	19153	7855	168
17872	17828	-17355	4
17828	17872	-33177	4
17364	17828	-11020	140
17828	17364	-11982	140
18518	17828	-12234	114
17828	18518	-2778	114
19032	17828	-9895	164
17828	19032	-13178	164
19035	17828	-10191	158
17828	19035	-11691	158
17502	17828	-12849	101
17828	17502	-15514	101
19422	17828	-10779	145
17828	19422	-11103	145
19041	17828	-10098	160
17828	19041	-12191	160
18917	17828	-11188	136
17828	18917	-10175	136
17512	17828	-12368	111
17828	17512	-16152	111
18031	17828	-13400	89
17828	18031	-27034	89
19067	17828	-9433	174
17828	19067	-7116	174
18942	17828	-11177	137
17828	18942	-7942	137
0	17957	-11391	136
1	17957	-11391	136
17957	1	6391	136
2	17957	-11391	136
17957	2	6391	136
3	17957	-11391	136
17957	3	6391	136
4	17957	-11391	136
17957	4	6391	136
5	17957	-11391	136
17957	5	6391	136
6	17957	-11391	136
17957	6	6391	136
7	17957	-11391	136
17957	7	6391	136
8	17957	-11391	136
17957	8	6391	136
9	17957	-11391	136
17957	9	6391	136
17957	10	6391	136
19111	17957	-10624	153
17957	19111	-12049	153
17834	17957	-16669	23
17957	17834	-15733	23
19372	17957	-12214	119
17957	19372	-19403	119
19503	17957	-13677	87
17957	19503	-11609	87
19120	17957	-10707	151
17957	19120	-12130	151
18353	17957	-12077	122
17957	18353	-35741	122
17843	17957	-15273	53
17957	17843	-18486	53
19124	17957	-10565	154
17957	19124	-12255	154
18229	17957	-14786	64
17957	18229	-27714	64
18616	17957	-12097	121
17957	18616	-11029	121
19130	17957	-10511	155
17957	19130	-12496	155
18619	17957	-12615	110
17957	18619	-12367	110
17853	17957	-15502	48
17957	17853	-15577	48
19518	17957	-13989	81
17957	19518	-13621	81
19008	17957	-10980	145
17957	19008	-13550	145
19139	17957	-10481	156
17957	19139	-4382	156
17860	17957	-16161	34
17957	17860	-16252	34
19148	17957	-10254	161
17957	19148	-12643	161
19405	17957	-10975	145
17957	19405	-12222	145
18640	17957	-12088	122
17957	18640	-3051	122
18641	17957	-11916	125
17957	18641	-2636	125
19153	17957	-10483	156
17957	19153	7299	156
17872	17957	-16816	20
17957	17872	-32435	20
17364	17957	-11507	134
17957	17364	-12266	134
18518	17957	-11825	127
17957	18518	-2167	127
19032	17957	-10654	152
17957	19032	-13734	152
19035	17957	-10950	146
17957	19035	-12247	146
17502	17957	-13261	96
17957	17502	-15722	96
19422	17957	-11538	133
17957	19422	-11659	133
19041	17957	-10857	148
17957	19041	-12747	148
18917	17957	-11946	125
17957	18917	-10731	125
17512	17957	-13127	99
17957	17512	-16708	99
18031	17957	-14158	77
17957	18031	-27590	77
19067	17957	-10191	162
17957	19067	-7672	162
18942	17957	-11936	125
17957	18942	-8497	125
0	19111	-12104	152
1	19111	-12104	152
19111	1	7104	152
2	19111	-12104	152
19111	2	7104	152
3	19111	-12104	152
19111	3	7104	152
4	19111	-12104	152
19111	4	7104	152
5	19111	-12104	152
19111	5	7104	152
6	19111	-12104	152
19111	6	7104	152
7	19111	-12104	152
19111	7	7104	152
8	19111	-12104	152
19111	8	7104	152
9	19111	-12104	152
19111	9	7104	152
19111	10	7104	152
17834	19111	-11612	162
19111	17834	-9252	162
19372	19111	-16105	66
19111	19372	-21869	66
19503	19111	-15492	79
19111	19503	-11999	79
19120	19111	-18983	4
19111	19120	-18982	4
18353	19111	-13906	113
19111	18353	-36145	113
17843	19111	-9539	207
19111	17843	-11327	207
19124	19111	-18959	5
19111	19124	-19223	5
18229	19111	-13870	114
19111	18229	-25373	114
18616	19111	-8404	231
19111	18616	-5910	231
19130	19111	-18526	14
19111	19130	-19086	14
18619	19111	-8922	220
19111	18619	-7249	220
17853	19111	-9768	202
19111	17853	-8418	202
19518	19111	-15498	79
19111	19518	-13705	79
19008	19111	-17973	26
19111	19008	-19118	26
19139	19111	-18309	19
19111	19139	-10784	19
17860	19111	-10856	178
19111	17860	-9522	178
19148	19111	-18327	18
19111	19148	-19292	18
19405	19111	-18052	24
19111	19405	-17874	24
18640	19111	-10557	185
19111	18640	-95	185
18641	19111	-10627	183
19111	18641	78	183
19153	19111	-18091	23
19111	19153	1117	23
17872	19111	-11295	169
19111	17872	-25488	169
17364	19111	-11662	161
19111	17364	-10996	161
18518	19111	-10816	179
19111	18518	267	179
19032	19111	-17920	27
19111	19032	-19575	27
19035	19111	-18311	19
19111	19035	-18184	19
17502	19111	-12248	149
19111	17502	-13284	149
19422	19111	-18031	25
19111	19422	-16727	25
19041	19111	-18222	21
19111	19041	-18687	21
18917	19111	-17079	45
19111	18917	-14438	45
17512	19111	-13051	131
19111	17512	-15207	131
18031	19111	-15337	82
19111	18031	-27343	82
19067	19111	-17760	31
19111	19067	-13816	31
18942	19111	-16776	52
19111	18942	-11913	52
0	17834	-10924	126
1	17834	-10924	126
17834	1	5924	126
2	17834	-10924	126
17834	2	5924	126
3	17834	-10924	126
17834	3	5924	126
4	17834	-10924	126
17834	4	5924	126
5	17834	-10924	126
17834	5	5924	126
6	17834	-10924	126
17834	6	5924	126
7	17834	-10924	126
17834	7	5924	126
8	17834	-10924	126
17834	8	5924	126
9	17834	-10924	126
17834	9	5924	126
17834	10	5924	126
19372	17834	-10351	139
17834	19372	-18475	139
19503	17834	-12305	97
17834	19503	-11172	97
19120	17834	-9335	160
17834	19120	-11694	160
18353	17834	-11609	112
17834	18353	-36208	112
17843	17834	-14751	44
17834	17843	-18900	44
19124	17834	-9193	164
17834	19124	-11818	164
18229	17834	-13898	63
17834	18229	-27761	63
18616	17834	-12112	101
17834	18616	-11979	101
19130	17834	-9139	165
17834	19130	-12059	165
18619	17834	-12630	90
17834	18619	-13318	90
17853	17834	-14350	53
17834	17853	-15361	53
19518	17834	-12227	99
17834	19518	-12794	99
19008	17834	-9305	161
17834	19008	-12811	161
19139	17834	-9109	165
17834	19139	-3945	165
17860	17834	-16085	16
17834	17860	-17112	16
19148	17834	-8882	170
17834	19148	-12207	170
19405	17834	-9603	155
17834	19405	-11785	155
18640	17834	-11973	104
17834	18640	-3871	104
18641	17834	-11801	108
17834	18641	-3456	108
19153	17834	-8830	171
17834	19153	8017	171
17872	17834	-16530	6
17834	17872	-33084	6
17364	17834	-9916	148
17834	17364	-11610	148
18518	17834	-11710	110
17834	18518	-2987	110
19032	17834	-8980	168
17834	19032	-12995	168
19035	17834	-9578	155
17834	19035	-11810	155
17502	17834	-11745	109
17834	17502	-15141	109
19422	17834	-10165	143
17834	19422	-11222	143
19041	17834	-9281	162
17834	19041	-12107	162
18917	17834	-10802	129
17834	18917	-10522	129
17512	17834	-11263	119
17834	17512	-15779	119
18031	17834	-12975	82
17834	18031	-27341	82
19067	17834	-9047	167
17834	19067	-7463	167
18942	17834	-10791	129
17834	18942	-8288	129
0	19372	-16952	171
1	19372	-16952	171
19372	1	8019	171
2	19372	-16952	171
19372	2	8019	171
3	19372	-16952	171
19372	3	8019	171
4	19372	-16952	171
19372	4	8019	171
5	19372	-16952	171
19372	5	8019	171
6	19372	-16952	171
19372	6	8019	171
7	19372	-16952	171
19372	7	8019	171
8	19372	-16952	171
19372	8	8019	171
9	19372	-16952	171
19372	9	8019	171
19372	10	8019	171
19503	19372	-22310	57
19372	19503	-13053	57
19120	19372	-21951	64
19372	19120	-16186	64
18353	19372	-18755	133
19372	18353	-35230	133
17843	19372	-16893	173
19372	17843	-12917	173
19124	19372	-21810	67
19372	19124	-16311	67
18229	19372	-19275	122
19372	18229	-25015	122
18616	19372	-14875	216
19372	18616	-6618	216
19130	19372	-22168	60
19372	19130	-16964	60
18619	19372	-15393	205
19372	18619	-7956	205
17853	19372	-17122	168
19372	17853	-10009	168
19518	19372	-22963	43
19372	19518	-15406	43
19008	19372	-22978	42
19372	19008	-18359	42
19139	19372	-22384	55
19372	19139	-9095	55
17860	19372	-17968	150
19372	17860	-10870	150
19148	19372	-21991	63
19372	19148	-17192	63
19405	19372	-22945	43
19372	19405	-17004	43
18640	19372	-16299	185
19372	18640	-73	185
18641	19372	-16127	189
19372	18641	341	189
19153	19372	-22481	53
19372	19153	2490	53
17872	19372	-18623	136
19372	17872	-27053	136
17364	19372	-20528	95
19372	17364	-14098	95
18518	19372	-16036	191
19372	18518	810	191
19032	19372	-22652	49
19372	19032	-18543	49
19035	19372	-22744	47
19372	19035	-16853	47
17502	19372	-21114	82
19372	17502	-16386	82
19422	19372	-22409	54
19372	19422	-15341	54
19041	19372	-22855	45
19372	19041	-17556	45
18917	19372	-21942	64
19372	18917	-13537	64
17512	19372	-21917	65
19372	17512	-18309	65
18031	19372	-21306	78
19372	18031	-27549	78
19067	19372	-20421	97
19372	19067	-10713	97
18942	19372	-20790	89
19372	18942	-10163	89
0	19503	-10357	114
1	19503	-10357	114
19503	1	5357	114
2	19503	-10357	114
19503	2	5357	114
3	19503	-10357	114
19503	3	5357	114
4	19503	-10357	114
19503	4	5357	114
5	19503	-10357	114
19503	5	5357	114
6	19503	-10357	114
19503	6	5357	114
7	19503	-10357	114
19503	7	5357	114
8	19503	-10357	114
19503	8	5357	114
9	19503	-10357	114
19503	9	5357	114
19503	10	5357	114
19120	19503	-12082	77
19503	19120	-15574	77
18353	19503	-12160	76
19503	18353	-37892	76
17843	19503	-9099	141
19503	17843	-14380	141
19124	19503	-11941	80
19503	19124	-15698	80
18229	19503	-12681	65
19503	18229	-27677	65
18616	19503	-7987	165
19503	18616	-8987	165
19130	19503	-11886	82
19503	19130	-15939	82
18619	19503	-8505	154
19503	18619	-10325	154
17853	19503	-9328	136
19503	17853	-11471	136
19518	19503	-14865	18
19503	19518	-16565	18
19008	19503	-12053	78
19503	19008	-16691	78
19139	19503	-11857	82
19503	19139	-7825	82
17860	19503	-10416	113
19503	17860	-12575	113
19148	19503	-11629	87
19503	19148	-16087	87
19405	19503	-12350	72
19503	19405	-15665	72
18640	19503	-9411	135
19503	18640	-2442	135
18641	19503	-9239	138
19503	18641	-2027	138
19153	19503	-11577	88
19503	19153	4137	88
17872	19503	-10854	104
19503	17872	-28541	104
17364	19503	-9750	127
19503	17364	-12576	127
18518	19503	-9148	140
19503	18518	-1558	140
19032	19503	-11727	85
19503	19032	-16875	85
19035	19503	-12325	72
19503	19035	-15691	72
17502	19503	-10692	107
19503	17502	-15221	107
19422	19503	-12913	60
19503	19422	-15103	60
19041	19503	-12029	78
19503	19041	-15987	78
18917	19503	-13292	51
19503	18917	-14144	51
17512	19503	-11369	93
19503	17512	-17019	93
18031	19503	-14711	21
19503	18031	-30211	21
19067	19503	-11537	89
19503	19067	-11085	89
18942	19503	-13281	52
19503	18942	-11911	52
0	19120	-12103	152
1	19120	-12103	152
19120	1	7103	152
2	19120	-12103	152
19120	2	7103	152
3	19120	-12103	152
19120	3	7103	152
4	19120	-12103	152
19120	4	7103	152
5	19120	-12103	152
19120	5	7103	152
6	19120	-12103	152
19120	6	7103	152
7	19120	-12103	152
19120	7	7103	152
8	19120	-12103	152
19120	8	7103	152
9	19120	-12103	152
19120	9	7103	152
19120	10	7103	152
18353	19120	-13906	113
19120	18353	-36146	113
17843	19120	-9620	205
19120	17843	-11410	205
19124	19120	-19065	3
19120	19124	-19331	3
18229	19120	-13951	112
19120	18229	-25456	112
18616	19120	-8485	229
19120	18616	-5993	229
19130	19120	-18745	9
19120	19130	-19306	9
18619	19120	-9003	218
19120	18619	-7331	218
17853	19120	-9849	200
19120	17853	-8501	200
19518	19120	-15579	77
19120	19518	-13787	77
19008	19120	-18054	24
19120	19008	-19200	24
19139	19120	-18528	14
19120	19139	-11005	14
17860	19120	-10938	177
19120	17860	-9605	177
19148	19120	-18547	14
19120	19148	-19513	14
19405	19120	-18133	23
19120	19405	-17957	23
18640	19120	-10639	183
19120	18640	-178	183
18641	19120	-10626	183
19120	18641	77	183
19153	19120	-18310	19
19120	19153	896	19
17872	19120	-11376	167
19120	17872	-25571	167
17364	19120	-11743	159
19120	17364	-11078	159
18518	19120	-10815	179
19120	18518	266	179
19032	19120	-18139	22
19120	19032	-19795	22
19035	19120	-18393	17
19120	19035	-18267	17
17502	19120	-12329	147
19120	17502	-13367	147
19422	19120	-18112	23
19120	19422	-16810	23
19041	19120	-18303	19
19120	19041	-18769	19
18917	19120	-17112	44
19120	18917	-14473	44
17512	19120	-13132	130
19120	17512	-15289	130
18031	19120	-15418	81
19120	18031	-27426	81
19067	19120	-17534	35
19120	19067	-13591	35
18942	19120	-16776	52
19120	18942	-11913	52
0	18353	-39044	51
1	18353	-39044	51
18353	1	2403	51
2	18353	-39044	51
18353	2	2403	51
3	18353	-39044	51
18353	3	2403	51
4	18353	-39044	51
18353	4	2403	51
5	18353	-39044	51
18353	5	2403	51
6	18353	-39044	51
18353	6	2403	51
7	18353	-39044	51
18353	7	2403	51
8	18353	-39044	51
18353	8	2403	51
9	18353	-39044	51
18353	9	2403	51
18353	10	2403	51
17843	18353	-34361	151
18353	17843	-13910	151
19124	18353	-36013	116
18353	19124	-14039	116
18229	18353	-38123	71
18353	18229	-27388	71
18616	18353	-35274	132
18353	18616	-10541	132
19130	18353	-35865	119
18353	19130	-14186	119
18619	18353	-35253	132
18353	18619	-11341	132
17853	18353	-33960	160
18353	17853	-10371	160
19518	18353	-37042	94
18353	19518	-13010	94
19008	18353	-35573	125
18353	19008	-14479	125
19139	18353	-35741	122
18353	19139	-5977	122
17860	18353	-35695	123
18353	17860	-12122	123
19148	18353	-35663	123
18353	19148	-14389	123
19405	18353	-36234	111
18353	19405	-13817	111
18640	18353	-37660	81
18353	18640	-4959	81
18641	18353	-37567	83
18353	18641	-4622	83
19153	18353	-35461	128
18353	19153	5985	128
17872	18353	-35890	119
18353	17872	-27845	119
17364	18353	-32267	196
18353	17364	-9361	196
18518	18353	-37756	79
18353	18518	-4433	79
19032	18353	-35318	131
18353	19032	-14734	131
19035	18353	-36209	112
18353	19035	-13843	112
17502	18353	-33209	176
18353	17502	-12006	176
19422	18353	-36797	99
18353	19422	-13255	99
19041	18353	-35913	118
18353	19041	-14139	118
18917	18353	-37465	85
18353	18917	-12586	85
17512	18353	-33886	162
18353	17512	-13803	162
18031	18353	-38476	63
18353	18031	-28244	63
19067	18353	-36833	98
18353	19067	-10649	98
18942	18353	-38577	61
18353	18942	-11474	61
0	17843	-13225	166
1	17843	-13225	166
17843	1	7771	166
2	17843	-13225	166
17843	2	7771	166
3	17843	-13225	166
17843	3	7771	166
4	17843	-13225	166
17843	4	7771	166
5	17843	-13225	166
17843	5	7771	166
6	17843	-13225	166
17843	6	7771	166
7	17843	-13225	166
17843	7	7771	166
8	17843	-13225	166
17843	8	7771	166
9	17843	-13225	166
17843	9	7771	166
17843	10	7771	166
19124	17843	-11268	208
17843	19124	-9745	208
18229	17843	-15956	108
17843	18229	-25671	108
18616	17843	-15720	113
17843	18616	-11439	113
19130	17843	-11214	209
17843	19130	-9986	209
18619	17843	-16238	101
17843	18619	-12777	101
17853	17843	-20366	13
17843	17853	-17228	13
19518	17843	-14692	135
17843	19518	-11110	135
19008	17843	-11683	199
17843	19008	-11040	199
19139	17843	-11184	210
17843	19139	-1871	210
17860	17843	-19662	28
17843	17860	-16540	28
19148	17843	-10957	215
17843	19148	-10133	215
19405	17843	-11678	199
17843	19405	-9712	199
18640	17843	-14859	131
17843	18640	-2609	131
18641	17843	-14688	135
17843	18641	-2194	135
19153	17843	-11186	210
17843	19153	9809	210
17872	17843	-19007	42
17843	17872	-31413	42
17364	17843	-15580	116
17843	17364	-13126	116
18518	17843	-14597	137
17843	18518	-1725	137
19032	17843	-11357	206
17843	19032	-11224	206
19035	17843	-11652	200
17843	19035	-9737	200
17502	17843	-16604	94
17843	17502	-15852	94
19422	17843	-12240	187
17843	19422	-9149	187
19041	17843	-11560	202
17843	19041	-10237	202
18917	17843	-12860	174
17843	18917	-8432	174
17512	17843	-15502	117
17843	17512	-15870	117
18031	17843	-15033	127
17843	18031	-25251	127
19067	17843	-11105	211
17843	19067	-5373	211
18942	17843	-12849	174
17843	18942	-6198	174
0	19124	-12236	155
1	19124	-12236	155
19124	1	7236	155
2	19124	-12236	155
19124	2	7236	155
3	19124	-12236	155
19124	3	7236	155
4	19124	-12236	155
19124	4	7236	155
5	19124	-12236	155
19124	5	7236	155
6	19124	-12236	155
19124	6	7236	155
7	19124	-12236	155
19124	7	7236	155
8	19124	-12236	155
19124	8	7236	155
9	19124	-12236	155
19124	9	7236	155
19124	10	7236	155
18229	19124	-14076	115
19124	18229	-25314	115
18616	19124	-8609	232
19124	18616	-5851	232
19130	19124	-18931	11
19124	19130	-19226	11
18619	19124	-9127	221
19124	18619	-7190	221
17853	19124	-9974	203
19124	17853	-8359	203
19518	19124	-15704	80
19124	19518	-13646	80
19008	19124	-18178	27
19124	19008	-19059	27
19139	19124	-18715	16
19124	19139	-10925	16
17860	19124	-11062	180
19124	17860	-9463	180
19148	19124	-18789	14
19124	19148	-19489	14
19405	19124	-18258	26
19124	19405	-17815	26
18640	19124	-10763	186
19124	18640	-37	186
18641	19124	-10759	186
19124	18641	210	186
19153	19124	-18496	20
19124	19153	976	20
17872	19124	-11500	170
19124	17872	-25430	170
17364	19124	-11868	162
19124	17364	-10937	162
18518	19124	-10948	182
19124	18518	399	182
19032	19124	-18325	24
19124	19032	-19716	24
19035	19124	-18517	20
19124	19035	-18125	20
17502	19124	-12454	150
19124	17502	-13225	150
19422	19124	-18236	26
19124	19422	-16669	26
19041	19124	-18428	22
19124	19041	-18628	22
18917	19124	-17237	47
19124	18917	-14332	47
17512	19124	-13257	133
19124	17512	-15148	133
18031	19124	-15543	84
19124	18031	-27285	84
19067	19124	-17893	33
19124	19067	-13684	33
18942	19124	-16909	54
19124	18942	-11780	54
0	18229	-26702	85
1	18229	-26702	85
18229	1	4008	85
2	18229	-26702	85
18229	2	4008	85
3	18229	-26702	85
18229	3	4008	85
4	18229	-26702	85
18229	4	4008	85
5	18229	-26702	85
18229	5	4008	85
6	18229	-26702	85
18229	6	4008	85
7	18229	-26702	85
18229	7	4008	85
8	18229	-26702	85
18229	8	4008	85
9	18229	-26702	85
18229	9	4008	85
18229	10	4008	85
18616	18229	-25012	122
18229	18616	-11016	122
19130	18229	-25260	116
18229	19130	-14316	116
18619	18229	-25472	112
18229	18619	-12296	112
17853	18229	-25432	113
18229	17853	-12580	113
19518	18229	-26827	83
18229	19518	-13530	83
19008	18229	-25062	121
18229	19008	-14704	121
19139	18229	-25230	117
18229	19139	-6202	117
17860	18229	-27005	79
18229	17860	-14168	79
19148	18229	-25003	122
18229	19148	-14464	122
19405	18229	-25724	106
18229	19405	-14043	106
18640	18229	-27399	70
18229	18640	-5434	70
18641	18229	-27227	74
18229	18641	-5018	74
19153	18229	-24951	123
18229	19153	5760	123
17872	18229	-27444	70
18229	17872	-30134	70
17364	18229	-22578	174
18229	17364	-10408	174
18518	18229	-27136	76
18229	18518	-4549	76
19032	18229	-24807	126
18229	19032	-14959	126
19035	18229	-25698	107
18229	19035	-14068	107
17502	18229	-23837	147
18229	17502	-13370	147
19422	18229	-26286	94
18229	19422	-13480	94
19041	18229	-25402	113
18229	19041	-14364	113
18917	18229	-26955	80
18229	18917	-12812	80
17512	18229	-24198	139
18229	17512	-14851	139
18031	18229	-28678	43
18229	18031	-29182	43
19067	18229	-25200	118
18229	19067	-9753	118
18942	18229	-26944	80
18229	18942	-10578	80
0	18616	-10857	125
1	18616	-10857	125
18616	1	5857	125
2	18616	-10857	125
18616	2	5857	125
3	18616	-10857	125
18616	3	5857	125
4	18616	-10857	125
18616	4	5857	125
5	18616	-10857	125
18616	5	5857	125
6	18616	-10857	125
18616	6	5857	125
7	18616	-10857	125
18616	7	5857	125
8	18616	-10857	125
18616	8	5857	125
9	18616	-10857	125
18616	9	5857	125
18616	10	5857	125
19130	18616	-5797	233
18616	19130	-8850	233
18619	18616	-16197	11
18616	18619	-17017	11
17853	18616	-10992	122
18616	17853	-12136	122
19518	18616	-8430	177
18616	19518	-9130	177
19008	18616	-5618	237
18616	19008	-9256	237
19139	18616	-5767	234
18616	19139	-736	234
17860	18616	-12051	99
18616	17860	-13210	99
19148	18616	-5540	239
18616	19148	-8998	239
19405	18616	-6261	224
18616	19405	-8577	224
18640	18616	-12655	86
18616	18640	-4687	86
18641	18616	-12484	90
18616	18641	-4272	90
19153	18616	-5488	240
18616	19153	11226	240
17872	18616	-11995	101
18616	17872	-28683	101
17364	18616	-6206	225
18616	17364	-8033	225
18518	18616	-12393	92
18616	18518	-3803	92
19032	18616	-5345	243
18616	19032	-9493	243
19035	18616	-6236	224
18616	19035	-8602	224
17502	18616	-7230	203
18616	17502	-10760	203
19422	18616	-6824	211
18616	19422	-8014	211
19041	18616	-5940	230
18616	19041	-8898	230
18917	18616	-7492	197
18616	18917	-7345	197
17512	18616	-6677	215
18616	17512	-11326	215
18031	18616	-9665	151
18616	18031	-24165	151
19067	18616	-5927	231
18616	19067	-4476	231
18942	18616	-7671	193
18616	18942	-5301	193
0	19130	-12384	158
1	19130	-12384	158
19130	1	7384	158
2	19130	-12384	158
19130	2	7384	158
3	19130	-12384	158
19130	3	7384	158
4	19130	-12384	158
19130	4	7384	158
5	19130	-12384	158
19130	5	7384	158
6	19130	-12384	158
19130	6	7384	158
7	19130	-12384	158
19130	7	7384	158
8	19130	-12384	158
19130	8	7384	158
9	19130	-12384	158
19130	9	7384	158
19130	10	7384	158
18619	19130	-9368	222
19130	18619	-7135	222
17853	19130	-10214	204
19130	17853	-8305	204
19518	19130	-15949	81
19130	19518	-13595	81
19008	19130	-18868	19
19130	19008	-19453	19
19139	19130	-19552	4
19130	19139	-11467	4
17860	19130	-11303	181
19130	17860	-9409	181
19148	19130	-19511	5
19130	19148	-19916	5
19405	19130	-18719	22
19130	19405	-17982	22
18640	19130	-11004	187
19130	18640	17	187
18641	19130	-10907	189
19130	18641	358	189
19153	19130	-19333	9
19130	19153	434	9
17872	19130	-11741	172
19130	17872	-25375	172
17364	19130	-12521	155
19130	17364	-11295	155
18518	19130	-11096	185
19130	18518	547	185
19032	19130	-19163	12
19130	19032	-20257	12
19035	19130	-19083	14
19130	19035	-18396	14
17502	19130	-13107	142
19130	17502	-13583	142
19422	19130	-18495	27
19130	19422	-16632	27
19041	19130	-19081	14
19130	19041	-18986	14
18917	19130	-17478	49
19130	18917	-14277	49
17512	19130	-13910	125
19130	17512	-15506	125
18031	19130	-15784	85
19130	18031	-27230	85
19067	19130	-17779	42
19130	19067	-13274	42
18942	19130	-17056	58
19130	18942	-11633	58
0	18619	-11267	134
1	18619	-11267	134
18619	1	6267	134
2	18619	-11267	134
18619	2	6267	134
3	18619	-11267	134
18619	3	6267	134
4	18619	-11267	134
18619	4	6267	134
5	18619	-11267	134
18619	5	6267	134
6	18619	-11267	134
18619	6	6267	134
7	18619	-11267	134
18619	7	6267	134
8	18619	-11267	134
18619	8	6267	134
9	18619	-11267	134
18619	9	6267	134
18619	10	6267	134
17853	18619	-12331	111
18619	17853	-12654	111
19518	18619	-9769	166
18619	19518	-9648	166
19008	18619	-6956	226
18619	19008	-9774	226
19139	18619	-7106	223
18619	19139	-1254	223
17860	18619	-13390	88
18619	17860	-13728	88
19148	18619	-6878	228
18619	19148	-9516	228
19405	18619	-7599	212
18619	19405	-9095	212
18640	18619	-13092	95
18619	18640	-4303	95
18641	18619	-12921	98
18619	18641	-3888	98
19153	18619	-6826	229
18619	19153	10708	229
17872	18619	-13334	90
18619	17872	-29201	90
17364	18619	-7545	214
18619	17364	-8551	214
18518	18619	-12830	100
18619	18518	-3419	100
19032	18619	-6683	232
18619	19032	-10011	232
19035	18619	-7574	213
18619	19035	-9120	213
17502	18619	-8569	192
18619	17502	-11278	192
19422	18619	-8162	200
18619	19422	-8532	200
19041	18619	-7278	219
18619	19041	-9416	219
18917	18619	-8831	186
18619	18917	-7863	186
17512	18619	-8015	204
18619	17512	-11844	204
18031	18619	-11003	139
18619	18031	-24683	139
19067	18619	-7076	224
18619	19067	-4804	224
18942	18619	-8820	186
18619	18942	-5630	186
0	17853	-9686	175
1	17853	-9686	175
17853	1	8172	175
2	17853	-9686	175
17853	2	8172	175
3	17853	-9686	175
17853	3	8172	175
4	17853	-9686	175
17853	4	8172	175
5	17853	-9686	175
17853	5	8172	175
6	17853	-9686	175
17853	6	8172	175
7	17853	-9686	175
17853	7	8172	175
8	17853	-9686	175
17853	8	8172	175
9	17853	-9686	175
17853	9	8172	175
17853	10	8172	175
19518	17853	-11783	130
17853	19518	-11339	130
19008	17853	-8774	194
17853	19008	-11269	194
19139	17853	-8275	205
17853	19139	-2100	205
17860	17853	-16123	37
17853	17860	-16139	37
19148	17853	-8048	210
17853	19148	-10362	210
19405	17853	-8769	194
17853	19405	-9941	194
18640	17853	-11320	140
17853	18640	-2208	140
18641	17853	-11149	143
17853	18641	-1793	143
19153	17853	-8278	205
17853	19153	9580	205
17872	17853	-15468	51
17853	17872	-31011	51
17364	17853	-13073	102
17853	17364	-13756	102
18518	17853	-11058	145
17853	18518	-1324	145
19032	17853	-8448	201
17853	19032	-11453	201
19035	17853	-8744	195
17853	19035	-9966	195
17502	17853	-13696	89
17853	17502	-16081	89
19422	17853	-9332	182
17853	19422	-9378	182
19041	17853	-8651	197
17853	19041	-10466	197
18917	17853	-9741	173
17853	18917	-8450	173
17512	17853	-12593	112
17853	17512	-16099	112
18031	17853	-11953	126
17853	18031	-25308	126
19067	17853	-7986	211
17853	19067	-5391	211
18942	17853	-9730	174
17853	18942	-6216	174
0	19518	-11207	133
1	19518	-11207	133
19518	1	6207	133
2	19518	-11207	133
19518	2	6207	133
3	19518	-11207	133
19518	3	6207	133
4	19518	-11207	133
19518	4	6207	133
5	19518	-11207	133
19518	5	6207	133
6	19518	-11207	133
19518	6	6207	133
7	19518	-11207	133
19518	7	6207	133
8	19518	-11207	133
19518	8	6207	133
9	19518	-11207	133
19518	9	6207	133
19518	10	6207	133
19008	19518	-14405	64
19518	19008	-17344	64
19139	19518	-13812	77
19518	19139	-8080	77
17860	19518	-12185	112
19518	17860	-12644	112
19148	19518	-13419	85
19518	19148	-16177	85
19405	19518	-14373	65
19518	19405	-15989	65
18640	19518	-10554	147
19518	18640	-1885	147
18641	19518	-10383	150
19518	18641	-1470	150
19153	19518	-13909	75
19518	19153	3505	75
17872	19518	-12840	98
19518	17872	-28827	98
17364	19518	-12162	112
19518	17364	-13289	112
18518	19518	-10291	152
19518	18518	-1001	152
19032	19518	-14080	71
19518	19032	-17528	71
19035	19518	-14172	69
19518	19035	-15838	69
17502	19518	-13104	92
19518	17502	-15934	92
19422	19518	-14618	59
19518	19422	-15108	59
19041	19518	-14283	67
19518	19041	-16541	67
18917	19518	-14961	52
19518	18917	-14114	52
17512	19518	-13782	77
19518	17512	-17731	77
18031	19518	-15561	39
19518	18031	-29361	39
19067	19518	-13094	92
19518	19067	-10943	92
18942	19518	-14144	70
19518	18942	-11073	70
0	19008	-12676	164
1	19008	-12676	164
19008	1	7676	164
2	19008	-12676	164
19008	2	7676	164
3	19008	-12676	164
19008	3	7676	164
4	19008	-12676	164
19008	4	7676	164
5	19008	-12676	164
19008	5	7676	164
6	19008	-12676	164
19008	6	7676	164
7	19008	-12676	164
19008	7	7676	164
8	19008	-12676	164
19008	8	7676	164
9	19008	-12676	164
19008	9	7676	164
19008	10	7676	164
19139	19008	-19669	14
19008	19139	-10999	14
17860	19008	-12114	176
19008	17860	-9635	176
19148	19008	-19277	23
19008	19148	-19096	23
19405	19008	-19448	19
19008	19405	-18125	19
18640	19008	-11392	192
19008	18640	214	192
18641	19008	-11220	195
19008	18641	630	195
19153	19008	-19707	13
19008	19153	646	13
17872	19008	-12770	162
19008	17872	-25818	162
17364	19008	-13916	137
19008	17364	-12105	137
18518	19008	-11388	192
19008	18518	840	192
19032	19008	-19809	11
19008	19032	-20319	11
19035	19008	-19717	13
19008	19035	-18444	13
17502	19008	-14502	125
19008	17502	-14393	125
19422	19008	-19129	26
19008	19422	-16680	26
19041	19008	-20013	7
19008	19041	-19333	7
18917	19008	-17865	53
19008	18917	-14080	53
17512	19008	-15305	108
19008	17512	-16316	108
18031	19008	-16171	89
19008	18031	-27033	89
19067	19008	-17670	57
19008	19067	-12581	57
18942	19008	-17257	66
19008	18942	-11248	66
0	19139	-4174	160
1	19139	-4174	160
19139	1	7508	160
2	19139	-4174	160
19139	2	7508	160
3	19139	-4174	160
19139	3	7508	160
4	19139	-4174	160
19139	4	7508	160
5	19139	-4174	160
19139	5	7508	160
6	19139	-4174	160
19139	6	7508	160
7	19139	-4174	160
19139	7	7508	160
8	19139	-4174	160
19139	8	7508	160
9	19139	-4174	160
19139	9	7508	160
19139	10	7508	160
17860	19139	-3189	182
19139	17860	-9379	182
19148	19139	-11291	8
19139	19148	-19780	8
19405	19139	-10851	17
19139	19405	-18198	17
18640	19139	-2890	188
19139	18640	46	188
18641	19139	-2718	192
19139	18641	462	192
19153	19139	-11404	5
19139	19153	279	5
17872	19139	-3627	172
19139	17872	-25346	172
17364	19139	-4652	150
19139	17364	-11511	150
18518	19139	-2886	188
19139	18518	672	188
19032	19139	-11233	9
19139	19032	-20413	9
19035	19139	-11215	10
19139	19035	-18612	10
17502	19139	-5238	138
19139	17502	-13799	138
19422	19139	-10627	22
19139	19422	-16848	22
19041	19139	-11212	10
19139	19041	-19202	10
18917	19139	-9363	49
19139	18917	-14248	49
17512	19139	-6041	120
19139	17512	-15722	120
18031	19139	-7669	86
19139	18031	-27201	86
19067	19139	-9478	47
19139	19067	-13058	47
18942	19139	-8833	61
19139	18942	-11494	61
0	17860	-11437	137
1	17860	-11437	137
17860	1	6437	137
2	17860	-11437	137
17860	2	6437	137
3	17860	-11437	137
17860	3	6437	137
4	17860	-11437	137
17860	4	6437	137
5	17860	-11437	137
17860	5	6437	137
6	17860	-11437	137
17860	6	6437	137
7	17860	-11437	137
17860	7	6437	137
8	17860	-11437	137
17860	8	6437	137
9	17860	-11437	137
17860	9	6437	137
17860	10	6437	137
19148	17860	-9152	186
17860	19148	-11451	186
19405	17860	-9873	171
17860	19405	-11029	171
18640	17860	-13071	102
17860	18640	-3943	102
18641	17860	-12900	106
17860	18641	-3528	106
19153	17860	-9139	187
17860	19153	8735	187
17872	17860	-17219	14
17860	17872	-32747	14
17364	17860	-11353	139
17860	17364	-12021	139
18518	17860	-12809	108
17860	18518	-3059	108
19032	17860	-9309	183
17860	19032	-12298	183
19035	17860	-9848	171
17860	19035	-11054	171
17502	17860	-12944	105
17860	17502	-15314	105
19422	17860	-10436	159
17860	19422	-10466	159
19041	17860	-9552	178
17860	19041	-11351	178
18917	17860	-11072	145
17860	18917	-9766	145
17512	17860	-11841	129
17860	17512	-15332	129
18031	17860	-13245	99
17860	18031	-26585	99
19067	17860	-9317	183
17860	19067	-6707	183
18942	17860	-11061	145
17860	18942	-7532	145
0	19148	-12586	162
1	19148	-12586	162
19148	1	7586	162
2	19148	-12586	162
19148	2	7586	162
3	19148	-12586	162
19148	3	7586	162
4	19148	-12586	162
19148	4	7586	162
5	19148	-12586	162
19148	5	7586	162
6	19148	-12586	162
19148	6	7586	162
7	19148	-12586	162
19148	7	7586	162
8	19148	-12586	162
19148	8	7586	162
9	19148	-12586	162
19148	9	7586	162
19148	10	7586	162
19405	19148	-18948	26
19148	19405	-17805	26
18640	19148	-11152	193
19148	18640	274	193
18641	19148	-11109	194
19148	18641	560	194
19153	19148	-19562	13
19148	19153	611	13
17872	19148	-11889	177
19148	17872	-25118	177
17364	19148	-12749	159
19148	17364	-11118	159
18518	19148	-11298	190
19148	18518	749	190
19032	19148	-19391	16
19148	19032	-20081	16
19035	19148	-19312	18
19148	19035	-18220	18
17502	19148	-13335	146
19148	17502	-13407	146
19422	19148	-18724	31
19148	19422	-16456	31
19041	19148	-19309	18
19148	19041	-18809	18
18917	19148	-17625	54
19148	18917	-14020	54
17512	19148	-14138	129
19148	17512	-15329	129
18031	19148	-15931	90
19148	18031	-26973	90
19067	19148	-18041	45
19148	19067	-13132	45
18942	19148	-17259	62
19148	18942	-11430	62
0	19405	-12015	150
1	19405	-12015	150
19405	1	7015	150
2	19405	-12015	150
19405	2	7015	150
3	19405	-12015	150
19405	3	7015	150
4	19405	-12015	150
19405	4	7015	150
5	19405	-12015	150
19405	5	7015	150
6	19405	-12015	150
19405	6	7015	150
7	19405	-12015	150
19405	7	7015	150
8	19405	-12015	150
19405	8	7015	150
9	19405	-12015	150
19405	9	7015	150
19405	10	7015	150
18640	19405	-10730	177
19405	18640	-446	177
18641	19405	-10559	181
19405	18641	-31	181
19153	19405	-17919	23
19405	19153	1111	23
17872	19405	-11467	162
19405	17872	-25839	162
17364	19405	-12561	138
19405	17364	-12072	138
18518	19405	-10727	177
19405	18518	178	177
19032	19405	-17775	26
19405	19032	-19608	26
19035	19405	-18666	7
19405	19035	-18717	7
17502	19405	-13147	126
19405	17502	-14361	126
19422	19405	-18468	12
19405	19422	-17342	12
19041	19405	-18370	14
19405	19041	-19013	14
18917	19405	-17204	39
19405	18917	-14741	39
17512	19405	-13950	108
19405	17512	-16283	108
18031	19405	-15510	75
19405	18031	-27694	75
19067	19405	-16455	55
19405	19067	-12688	55
18942	19405	-16364	57
19405	18942	-11678	57
0	18640	-6873	40
1	18640	-6873	40
18640	1	1873	40
2	18640	-6873	40
18640	2	1873	40
3	18640	-6873	40
18640	3	1873	40
4	18640	-6873	40
18640	4	1873	40
5	18640	-6873	40
18640	5	1873	40
6	18640	-6873	40
18640	6	1873	40
7	18640	-6873	40
18640	7	1873	40
8	18640	-6873	40
18640	8	1873	40
9	18640	-6873	40
18640	9	1873	40
18640	10	1873	40
18641	18640	-8574	3
18640	18641	-8331	3
19153	18640	326	194
18640	19153	9072	194
17872	18640	-3887	104
18640	17872	-28543	104
17364	18640	2084	232
18640	17364	-7711	232
18518	18640	-8435	6
18640	18518	-7813	6
19032	18640	469	197
18640	19032	-11647	197
19035	18640	-421	178
18640	19035	-10756	178
17502	18640	825	205
18640	17502	-10672	205
19422	18640	-1009	165
18640	19422	-10168	165
19041	18640	-125	184
18640	19041	-11052	184
18917	18640	-1677	151
18640	18917	-9499	151
17512	18640	464	197
18640	17512	-12153	197
18031	18640	-3401	114
18640	18031	-25869	114
19067	18640	-730	171
18640	19067	-7248	171
18942	18640	-2475	134
18640	18942	-8073	134
0	18641	-6751	37
1	18641	-6751	37
18641	1	1751	37
2	18641	-6751	37
18641	2	1751	37
3	18641	-6751	37
18641	3	1751	37
4	18641	-6751	37
18641	4	1751	37
5	18641	-6751	37
18641	5	1751	37
6	18641	-6751	37
18641	6	1751	37
7	18641	-6751	37
18641	7	1751	37
8	18641	-6751	37
18641	8	1751	37
9	18641	-6751	37
18641	9	1751	37
18641	10	1751	37
19153	18641	741	198
18641	19153	9244	198
17872	18641	-3472	107
18641	17872	-28372	107
17364	18641	2499	235
18641	17364	-7539	235
18518	18641	-8267	5
18641	18518	-7889	5
19032	18641	884	201
18641	19032	-11475	201
19035	18641	-6	182
18641	19035	-10584	182
17502	18641	1240	208
18641	17502	-10501	208
19422	18641	-594	169
18641	19422	-9996	169
19041	18641	289	188
18641	19041	-10880	188
18917	18641	-1262	155
18641	18917	-9328	155
17512	18641	879	201
18641	17512	-11981	201
18031	18641	-2986	118
18641	18031	-25698	118
19067	18641	-608	169
18641	19067	-7370	169
18942	18641	-2353	131
18641	18942	-8195	131
0	19153	7788	166
1	19153	7788	166
19153	1	7788	166
2	19153	7788	166
19153	2	7788	166
3	19153	7788	166
19153	3	7788	166
4	19153	7788	166
19153	4	7788	166
5	19153	7788	166
19153	5	7788	166
6	19153	7788	166
19153	6	7788	166
7	19153	7788	166
19153	7	7788	166
8	19153	7788	166
19153	8	7788	166
9	19153	7788	166
19153	9	7788	166
19153	10	7788	166
17872	19153	8080	173
19153	17872	-25322	173
17364	19153	6933	148
19153	17364	-11608	148
18518	19153	9076	194
19153	18518	951	194
19032	19153	170	3
19153	19032	-20692	3
19035	19153	747	16
19153	19035	-18333	16
17502	19153	6347	136
19153	17502	-13897	136
19422	19153	1335	28
19153	19422	-16569	28
19041	19153	697	14
19153	19041	-18976	14
18917	19153	2599	55
19153	18917	-13969	55
17512	19153	5544	118
19153	17512	-15819	118
18031	19153	4293	91
19153	18031	-26921	91
19067	19153	2424	51
19153	19067	-12840	51
18942	19153	3129	67
19153	18942	-11215	67
0	17872	-27160	133
1	17872	-27160	133
17872	1	6241	133
2	17872	-27160	133
17872	2	6241	133
3	17872	-27160	133
17872	3	6241	133
4	17872	-27160	133
17872	4	6241	133
5	17872	-27160	133
17872	5	6241	133
6	17872	-27160	133
17872	6	6241	133
7	17872	-27160	133
17872	7	6241	133
8	17872	-27160	133
17872	8	6241	133
9	17872	-27160	133
17872	9	6241	133
17872	10	6241	133
17364	17872	-26618	145
17872	17364	-11757	145
18518	17872	-28281	109
17872	18518	-3003	109
19032	17872	-25493	169
17872	19032	-12954	169
19035	17872	-25814	162
17872	19035	-11493	162
17502	17872	-28447	106
17872	17502	-15289	106
19422	17872	-26402	150
17872	19422	-10905	150
19041	17872	-25696	165
17872	19041	-11967	165
18917	17872	-27038	136
17872	18917	-10204	136
17512	17872	-27965	116
17872	17512	-15927	116
18031	17872	-29211	89
17872	18031	-27024	89
19067	17872	-25283	173
17872	19067	-7145	173
18942	17872	-27028	136
17872	18942	-7970	136
0	17364	-7559	235
1	17364	-7559	235
17364	1	10983	235
2	17364	-7559	235
17364	2	10983	235
3	17364	-7559	235
17364	3	10983	235
4	17364	-7559	235
17364	4	10983	235
5	17364	-7559	235
17364	5	10983	235
6	17364	-7559	235
17364	6	10983	235
7	17364	-7559	235
17364	7	10983	235
8	17364	-7559	235
17364	8	10983	235
9	17364	-7559	235
17364	9	10983	235
17364	10	10983	235
18518	17364	-7448	237
17364	18518	2968	237
19032	17364	-11779	144
17364	19032	-14100	144
19035	17364	-11871	142
17364	19035	-12410	142
17502	17364	-16278	48
17364	17502	-17980	48
19422	17364	-11535	150
17364	19422	-10898	150
19041	17364	-11982	140
17364	19041	-13113	140
18917	17364	-11068	160
17364	18917	-9094	160
17512	17364	-16922	34
17364	17512	-19744	34
18031	17364	-12332	133
17364	18031	-25005	133
19067	17364	-9548	192
17364	19067	-6270	192
18942	17364	-10155	179
17364	18942	-5958	179
0	18518	-6562	33
1	18518	-6562	33
18518	1	1562	33
2	18518	-6562	33
18518	2	1562	33
3	18518	-6562	33
18518	3	1562	33
4	18518	-6562	33
18518	4	1562	33
5	18518	-6562	33
18518	5	1562	33
6	18518	-6562	33
18518	6	1562	33
7	18518	-6562	33
18518	7	1562	33
8	18518	-6562	33
18518	8	1562	33
9	18518	-6562	33
18518	9	1562	33
18518	10	1562	33
19032	18518	1094	197
18518	19032	-11643	197
19035	18518	203	178
18518	19035	-10752	178
17502	18518	1709	210
18518	17502	-10410	210
19422	18518	-384	165
18518	19422	-10164	165
19041	18518	499	184
18518	19041	-11048	184
18917	18518	-1052	151
18518	18917	-9496	151
17512	18518	1349	203
18518	17512	-11890	203
18031	18518	-2517	120
18518	18031	-25607	120
19067	18518	-419	165
18518	19067	-7559	165
18942	18518	-2164	127
18518	18942	-8384	127
0	19032	-12931	169
1	19032	-12931	169
19032	1	7931	169
2	19032	-12931	169
19032	2	7931	169
3	19032	-12931	169
19032	3	7931	169
4	19032	-12931	169
19032	4	7931	169
5	19032	-12931	169
19032	5	7931	169
6	19032	-12931	169
19032	6	7931	169
7	19032	-12931	169
19032	7	7931	169
8	19032	-12931	169
19032	8	7931	169
9	19032	-12931	169
19032	9	7931	169
19032	10	7931	169
19035	19032	-19972	19
19032	19035	-18190	19
17502	19032	-14686	132
19032	17502	-14067	132
19422	19032	-19384	31
19032	19422	-16426	31
19041	19032	-20268	12
19032	19041	-19078	12
18917	19032	-18120	58
19032	18917	-13825	58
17512	19032	-15489	115
19032	17512	-15990	115
18031	19032	-16426	95
19032	18031	-26778	95
19067	19032	-18268	55
19032	19067	-12669	55
18942	19032	-17575	70
19032	18942	-11057	70
0	19035	-12040	150
1	19035	-12040	150
19035	1	7040	150
2	19035	-12040	150
19035	2	7040	150
3	19035	-12040	150
19035	3	7040	150
4	19035	-12040	150
19035	4	7040	150
5	19035	-12040	150
19035	5	7040	150
6	19035	-12040	150
19035	6	7040	150
7	19035	-12040	150
19035	7	7040	150
8	19035	-12040	150
19035	8	7040	150
9	19035	-12040	150
19035	9	7040	150
19035	10	7040	150
17502	19035	-12996	130
19035	17502	-14159	130
19422	19035	-18493	12
19035	19422	-17317	12
19041	19035	-18785	6
19035	19041	-19377	6
18917	19035	-17229	39
19035	18917	-14716	39
17512	19035	-13798	113
19035	17512	-16082	113
18031	19035	-15535	75
19035	18031	-27669	75
19067	19035	-16736	50
19035	19067	-12919	50
18942	19035	-16414	57
19035	18942	-11678	57
0	17502	-10203	215
1	17502	-10203	215
17502	1	10040	215
2	17502	-10203	215
17502	2	10040	215
3	17502	-10203	215
17502	3	10040	215
4	17502	-10203	215
17502	4	10040	215
5	17502	-10203	215
17502	5	10040	215
6	17502	-10203	215
17502	6	10040	215
7	17502	-10203	215
17502	7	10040	215
8	17502	-10203	215
17502	8	10040	215
9	17502	-10203	215
17502	9	10040	215
17502	10	10040	215
19422	17502	-13824	137
17502	19422	-11484	137
19041	17502	-14270	128
17502	19041	-13699	128
18917	17502	-13617	142
17502	18917	-9941	142
17512	17502	-19142	23
17502	17512	-20262	23
18031	17502	-14977	112
17502	18031	-25947	112
19067	17502	-11836	180
17502	19067	-6856	180
18942	17502	-12800	159
17502	18942	-6900	159
0	19422	-11452	138
1	19422	-11452	138
19422	1	6452	138
2	19422	-11452	138
19422	2	6452	138
3	19422	-11452	138
19422	3	6452	138
4	19422	-11452	138
19422	4	6452	138
5	19422	-11452	138
19422	5	6452	138
6	19422	-11452	138
19422	6	6452	138
7	19422	-11452	138
19422	7	6452	138
8	19422	-11452	138
19422	8	6452	138
9	19422	-11452	138
19422	9	6452	138
19422	10	6452	138
19041	19422	-17021	18
19422	19041	-18789	18
18917	19422	-16641	27
19422	18917	-15304	27
17512	19422	-12287	120
19422	17512	-15747	120
18031	19422	-14947	63
19422	18031	-28257	63
19067	19422	-15602	49
19422	19067	-12961	49
18942	19422	-15800	45
19422	18942	-12240	45
0	19041	-12336	157
1	19041	-12336	157
19041	1	7336	157
2	19041	-12336	157
19041	2	7336	157
3	19041	-12336	157
19041	3	7336	157
4	19041	-12336	157
19041	4	7336	157
5	19041	-12336	157
19041	5	7336	157
6	19041	-12336	157
19041	6	7336	157
7	19041	-12336	157
19041	7	7336	157
8	19041	-12336	157
19041	8	7336	157
9	19041	-12336	157
19041	9	7336	157
19041	10	7336	157
18917	19041	-17525	46
19041	18917	-14420	46
17512	19041	-14502	110
19041	17512	-16193	110
18031	19041	-15831	82
19041	18031	-27373	82
19067	19041	-17239	52
19041	19067	-12830	52
18942	19041	-16826	61
19041	18942	-11498	61
0	18917	-10784	123
1	18917	-10784	123
18917	1	5784	123
2	18917	-10784	123
18917	2	5784	123
3	18917	-10784	123
18917	3	5784	123
4	18917	-10784	123
18917	4	5784	123
5	18917	-10784	123
18917	5	5784	123
6	18917	-10784	123
18917	6	5784	123
7	18917	-10784	123
18917	7	5784	123
8	18917	-10784	123
18917	8	5784	123
9	18917	-10784	123
18917	9	5784	123
18917	10	5784	123
17512	18917	-10618	127
18917	17512	-15415	127
18031	18917	-14279	49
18917	18031	-28925	49
19067	18917	-14700	40
18917	19067	-13396	40
18942	18917	-15221	28
18917	18942	-12998	28
0	17512	-12001	200
1	17512	-12001	200
17512	1	9363	200
2	17512	-12001	200
17512	2	9363	200
3	17512	-12001	200
17512	3	9363	200
4	17512	-12001	200
17512	4	9363	200
5	17512	-12001	200
17512	5	9363	200
6	17512	-12001	200
17512	6	9363	200
7	17512	-12001	200
17512	7	9363	200
8	17512	-12001	200
17512	8	9363	200
9	17512	-12001	200
17512	9	9363	200
17512	10	9363	200
18031	17512	-16774	98
17512	18031	-26625	98
19067	17512	-13759	162
17512	19067	-7659	162
18942	17512	-14597	145
17512	18942	-7578	145
0	18031	-26441	102
1	18031	-26441	102
18031	1	4773	102
2	18031	-26441	102
18031	2	4773	102
3	18031	-26441	102
18031	3	4773	102
4	18031	-26441	102
18031	4	4773	102
5	18031	-26441	102
18031	5	4773	102
6	18031	-26441	102
18031	6	4773	102
7	18031	-26441	102
18031	7	4773	102
8	18031	-26441	102
18031	8	4773	102
9	18031	-26441	102
18031	9	4773	102
18031	10	4773	102
19067	18031	-27170	86
18031	19067	-11220	86
18942	18031	-28915	49
18031	18942	-12045	49
0	19067	-8847	137
1	19067	-8847	137
19067	1	6416	137
2	19067	-8847	137
19067	2	6416	137
3	19067	-8847	137
19067	3	6416	137
4	19067	-8847	137
19067	4	6416	137
5	19067	-8847	137
19067	5	6416	137
6	19067	-8847	137
19067	6	6416	137
7	19067	-8847	137
19067	7	6416	137
8	19067	-8847	137
19067	8	6416	137
9	19067	-8847	137
19067	9	6416	137
19067	10	6416	137
18942	19067	-13519	37
19067	18942	-12600	37
0	18942	-9672	100
1	18942	-9672	100
18942	1	4672	100
2	18942	-9672	100
18942	2	4672	100
3	18942	-9672	100
18942	3	4672	100
4	18942	-9672	100
18942	4	4672	100
5	18942	-9672	100
18942	5	4672	100
6	18942	-9672	100
18942	6	4672	100
7	18942	-9672	100
18942	7	4672	100
8	18942	-9672	100
18942	8	4672	100
9	18942	-9672	100
18942	9	4672	100
18942	10	4672	100
