Nodes
0	0	1	0	660
1	0	1	120	600
2	0	1	120	600
3	0	1	120	600
4	0	1	120	600
5	0	1	120	600
6	0	1	120	600
7	0	1	120	600
8	0	1	120	600
9	0	1	120	660
15360	5	0	420.0	600
15233	9	0	420.0	600
15753	7	0	420.0	600
15628	18	0	420.0	600
15757	4	0	420.0	600
15376	6	0	120	300.0
15136	9	0	420.0	600
15143	12	0	420.0	600
15147	11	0	420.0	600
16428	12	0	420.0	600
16049	14	0	420.0	600
15410	10	0	420.0	600
15668	13	0	420.0	600
16056	9	0	420.0	600
15928	10	0	420.0	600
15936	8	0	420.0	600
15942	5	0	420.0	600
15943	13	0	420.0	600
16333	13	0	420.0	600
15952	7	0	420.0	600
15697	9	0	420.0	600
15313	10	0	420.0	600
15955	8	0	420.0	600
16212	12	0	420.0	600
15445	15	0	420.0	600
15957	12	0	420.0	600
15701	10	0	420.0	600
16342	13	0	420.0	600
16734	5	0	420.0	600
16224	7	0	420.0	600
15713	10	0	420.0	600
15714	9	0	420.0	600
15340	7	0	120	300.0
16238	8	0	420.0	600
16239	11	0	420.0	600
15342	11	0	120	300.0
15089	15	0	420.0	600
16627	16	0	420.0	600
16116	14	0	120	300.0
15477	9	0	420.0	600
15478	7	0	420.0	600
15220	10	0	420.0	600
16507	14	0	420.0	600
15870	15	0	420.0	600
Arcs
0	15360	5192	183
1	15360	5192	183
15360	1	8565	183
2	15360	5192	183
15360	2	8565	183
3	15360	5192	183
15360	3	8565	183
4	15360	5192	183
15360	4	8565	183
5	15360	5192	183
15360	5	8565	183
6	15360	5192	183
15360	6	8565	183
7	15360	5192	183
15360	7	8565	183
8	15360	5192	183
15360	8	8565	183
15360	9	8565	183
15233	15360	-825	54
15360	15233	240	54
15753	15360	4857	176
15360	15753	5477	176
15628	15360	40	73
15360	15628	-552	73
15757	15360	4401	166
15360	15757	5792	166
15376	15360	-1261	45
15360	15376	-5569	45
15136	15360	-866	53
15360	15136	-2048	53
15143	15360	-218	67
15360	15143	-1645	67
15147	15360	-512	61
15360	15147	318	61
16428	15360	9455	274
15360	16428	-1255	274
16049	15360	2762	131
15360	16049	-5196	131
15410	15360	-1857	32
15360	15410	-852	32
15668	15360	-439	62
15360	15668	-1891	62
16056	15360	801	89
15360	16056	-533	89
15928	15360	1906	113
15360	15928	5278	113
15936	15360	2250	120
15360	15936	3109	120
15942	15360	2761	131
15360	15942	4206	131
15943	15360	3241	141
15360	15943	5478	141
16333	15360	8988	264
15360	16333	-3842	264
15952	15360	3292	142
15360	15952	6664	142
15697	15360	-254	66
15360	15697	439	66
15313	15360	-3074	6
15360	15313	-3068	6
15955	15360	3173	140
15360	15955	5318	140
16212	15360	1843	111
15360	16212	-1844	111
15445	15360	-876	53
15360	15445	-3126	53
15957	15360	3188	140
15360	15957	2503	140
15701	15360	2196	119
15360	15701	2822	119
16342	15360	5032	180
15360	16342	1244	180
16734	15360	8447	253
15360	16734	5808	253
16224	15360	3734	152
15360	16224	2336	152
15713	15360	1900	112
15360	15713	292	112
15714	15360	4198	162
15360	15714	1105	162
15340	15360	-1625	37
15360	15340	-2463	37
16238	15360	2107	117
15360	16238	5399	117
16239	15360	5777	196
15360	16239	-1810	196
15342	15360	-2011	29
15360	15342	-2081	29
15089	15360	-944	52
15360	15089	-969	52
16627	15360	5383	187
15360	16627	5453	187
16116	15360	2520	126
15360	16116	-4450	126
15477	15360	-1855	32
15360	15477	-3354	32
15478	15360	-1422	41
15360	15478	-1429	41
15220	15360	-1165	47
15360	15220	-2002	47
16507	15360	8531	255
15360	16507	10264	255
15870	15360	7832	240
15360	15870	2461	240
0	15233	3830	131
1	15233	3830	131
15233	1	6136	131
2	15233	3830	131
15233	2	6136	131
3	15233	3830	131
15233	3	6136	131
4	15233	3830	131
15233	4	6136	131
5	15233	3830	131
15233	5	6136	131
6	15233	3830	131
15233	6	6136	131
7	15233	3830	131
15233	7	6136	131
8	15233	3830	131
15233	8	6136	131
15233	9	6136	131
15753	15233	4500	145
15233	15753	4055	145
15628	15233	1256	76
15233	15628	-402	76
15757	15233	4045	136
15233	15757	4370	136
15376	15233	518	60
15233	15376	-4855	60
15136	15233	-2065	5
15233	15136	-4313	5
15143	15233	-1485	17
15233	15143	-3978	17
15147	15233	-1451	18
15233	15147	-1685	18
16428	15233	8332	227
15233	16428	-3443	227
16049	15233	1311	77
15233	16049	-7712	77
15410	15233	1358	78
15233	15410	1298	78
15668	15233	-796	32
15233	15668	-3313	32
16056	15233	-649	35
15233	16056	-3050	35
15928	15233	2829	110
15233	15928	5135	110
15936	15233	3172	117
15233	15936	2966	117
15942	15233	2834	110
15233	15942	3214	110
15943	15233	2885	111
15233	15943	4055	111
16333	15233	7842	217
15233	16333	-6053	217
15952	15233	3365	121
15233	15952	5672	121
15697	15233	123	52
15233	15697	-247	52
15313	15233	192	53
15233	15313	-866	53
15955	15233	3246	118
15233	15955	4325	118
16212	15233	392	57
15233	16212	-4361	57
15445	15233	2213	96
15233	15445	-1102	96
15957	15233	2831	110
15233	15957	1081	110
15701	15233	1839	88
15233	15701	1399	88
16342	15233	3581	126
15233	16342	-1271	126
16734	15233	7651	213
15233	16734	3946	213
16224	15233	2283	98
15233	16224	-180	98
15713	15233	1543	82
15233	15713	-1129	82
15714	15233	3841	131
15233	15714	-317	131
15340	15233	-844	31
15233	15340	-2747	31
16238	15233	657	63
15233	16238	2883	63
16239	15233	4326	142
15233	16239	-4326	142
15342	15233	-794	32
15233	15342	-1929	32
15089	15233	-360	41
15233	15089	-1450	41
16627	15233	5027	157
15233	16627	4031	157
16116	15233	1499	81
15233	16116	-6537	81
15477	15233	29	50
15233	15477	-2534	50
15478	15233	1814	88
15233	15478	743	88
15220	15233	-1965	7
15233	15220	-3867	7
16507	15233	7440	208
15233	16507	8108	208
15870	15233	7036	200
15233	15870	599	200
0	15753	4943	164
1	15753	4943	164
15753	1	7695	164
2	15753	4943	164
15753	2	7695	164
3	15753	4943	164
15753	3	7695	164
4	15753	4943	164
15753	4	7695	164
5	15753	4943	164
15753	5	7695	164
6	15753	4943	164
15753	6	7695	164
7	15753	4943	164
15753	7	7695	164
8	15753	4943	164
15753	8	7695	164
15753	9	7695	164
15628	15753	3268	129
15753	15628	2055	129
15757	15753	-2296	9
15753	15757	-1525	9
15376	15753	6486	197
15753	15376	1558	197
15136	15753	4295	151
15753	15136	2493	151
15143	15753	4685	159
15753	15143	2638	159
15147	15753	3290	129
15753	15147	3501	129
16428	15753	7982	230
15753	16428	-3347	230
16049	15753	2593	114
15753	16049	-5984	114
15410	15753	5799	183
15753	15410	6184	183
15668	15753	2544	113
15753	15668	472	113
16056	15753	2644	115
15753	16056	689	115
15928	15753	1502	91
15753	15928	4254	91
15936	15753	1876	99
15753	15936	2115	99
15942	15753	547	70
15753	15942	1373	70
15943	15753	27	59
15753	15943	1643	59
16333	15753	3954	143
15753	16333	-9496	143
15952	15753	394	67
15753	15952	3146	67
15697	15753	3648	137
15753	15697	3722	137
15313	15753	5429	175
15753	15313	4815	175
15955	15753	252	64
15753	15955	1777	64
16212	15753	2021	102
15753	16212	-2286	102
15445	15753	5573	178
15753	15445	2703	178
15957	15753	-163	55
15753	15957	-1468	55
15701	15753	1093	82
15753	15701	1099	82
16342	15753	3863	141
15753	16342	-544	141
16734	15753	3413	132
15753	16734	154	132
16224	15753	228	63
15753	16224	-1790	63
15713	15753	1246	85
15753	15713	-981	85
15714	15753	-1091	35
15753	15714	-4804	35
15340	15753	5194	170
15753	15340	3737	170
16238	15753	1757	96
15753	16238	4428	96
16239	15753	1859	98
15753	16239	-6347	98
15342	15753	5174	169
15753	15342	4484	169
15089	15753	3610	136
15753	15089	2966	136
16627	15753	-2219	11
15753	16627	-2770	11
16116	15753	6099	189
15753	16116	-1491	189
15477	15753	4683	159
15753	15477	2564	159
15478	15753	6051	188
15753	15478	5425	188
15220	15753	4073	146
15753	15220	2616	146
16507	15753	7394	217
15753	16507	8507	217
15870	15753	2798	118
15753	15870	-3191	118
0	15628	4633	184
1	15628	4633	184
15628	1	8598	184
2	15628	4633	184
15628	2	8598	184
3	15628	4633	184
15628	3	8598	184
4	15628	4633	184
15628	4	8598	184
5	15628	4633	184
15628	5	8598	184
6	15628	4633	184
15628	6	8598	184
7	15628	4633	184
15628	7	8598	184
8	15628	4633	184
15628	8	8598	184
15628	9	8598	184
15757	15628	1868	124
15628	15757	3851	124
15376	15628	1279	112
15628	15376	-2436	112
15136	15628	-161	81
15628	15136	-750	81
15143	15628	288	91
15628	15143	-546	91
15147	15628	-899	65
15628	15147	525	65
16428	15628	9135	280
15628	16428	-982	280
16049	15628	2114	130
15628	16049	-5251	130
15410	15628	-1433	54
15628	15410	164	54
15668	15628	-1151	60
15628	15668	-2010	60
16056	15628	493	95
15628	16056	-249	95
15928	15628	-2098	39
15628	15928	1866	39
15936	15628	-1755	47
15628	15936	-303	47
15942	15628	-1244	58
15628	15942	794	58
15943	15628	-212	80
15628	15943	2616	80
16333	15628	6848	231
15628	16333	-5389	231
15952	15628	-712	69
15628	15952	3252	69
15697	15628	-2698	27
15628	15697	-1411	27
15313	15628	-850	66
15628	15313	-250	66
15955	15628	-831	67
15628	15955	1905	67
16212	15628	232	89
15628	16212	-2862	89
15445	15628	-1659	49
15628	15445	-3317	49
15957	15628	-265	79
15628	15957	-358	79
15701	15628	119	87
15628	15701	1338	87
16342	15628	4384	178
15628	16342	1189	178
16734	15628	6308	220
15628	16734	4261	220
16224	15628	2117	130
15628	16224	1312	130
15713	15628	-323	78
15628	15713	-1339	78
15714	15628	743	100
15628	15714	-1756	100
15340	15628	381	93
15628	15340	136	93
16238	15628	497	95
15628	16238	4382	95
16239	15628	4270	176
15628	16239	-2724	176
15342	15628	211	89
15628	15342	733	89
15089	15628	-2049	41
15628	15089	-1481	41
16627	15628	1522	117
15628	16627	2185	117
16116	15628	3272	155
15628	16116	-3105	155
15477	15628	-1214	58
15628	15477	-2120	58
15478	15628	-1181	59
15628	15478	-595	59
15220	15628	-383	76
15628	15220	-627	76
16507	15628	8243	261
15628	16507	10570	261
15870	15628	5692	206
15628	15870	914	206
0	15757	5258	155
1	15757	5258	155
15757	1	7240	155
2	15757	5258	155
15757	2	7240	155
3	15757	5258	155
15757	3	7240	155
4	15757	5258	155
15757	4	7240	155
5	15757	5258	155
15757	5	7240	155
6	15757	5258	155
15757	6	7240	155
7	15757	5258	155
15757	7	7240	155
8	15757	5258	155
15757	8	7240	155
15757	9	7240	155
15376	15757	6802	188
15757	15376	1103	188
15136	15757	4611	141
15757	15136	2038	141
15143	15757	5000	149
15757	15143	2182	149
15147	15757	3605	119
15757	15147	3045	119
16428	15757	8298	220
15757	16428	-3803	220
16049	15757	2908	104
15757	16049	-6440	104
15410	15757	6306	177
15757	15410	5920	177
15668	15757	2859	103
15757	15668	17	103
16056	15757	2959	105
15757	16056	233	105
15928	15757	2085	87
15757	15928	4067	87
15936	15757	2460	95
15757	15936	1928	95
15942	15757	1774	80
15757	15942	1829	80
15943	15757	342	49
15757	15943	1187	49
16333	15757	4269	133
15757	16333	-9951	133
15952	15757	1620	77
15757	15952	3602	77
15697	15757	3963	127
15757	15697	3267	127
15313	15757	5744	165
15757	15313	4360	165
15955	15757	1479	74
15757	15955	2233	74
16212	15757	2336	92
15757	16212	-2742	92
15445	15757	6080	172
15757	15445	2439	172
15957	15757	152	45
15757	15957	-1924	45
15701	15757	1408	72
15757	15701	643	72
16342	15757	4178	132
15757	16342	-1000	131
16734	15757	3729	122
15757	16734	-300	122
16224	15757	543	54
15757	16224	-2245	54
15713	15757	1562	75
15757	15713	-1437	75
15714	15757	-776	25
15757	15714	-5260	25
15340	15757	5510	160
15757	15340	3281	160
16238	15757	2072	86
15757	16238	3973	86
16239	15757	2175	89
15757	16239	-6803	89
15342	15757	5489	160
15757	15342	4028	160
15089	15757	3925	126
15757	15089	2510	126
16627	15757	-992	21
15757	16627	-2314	21
16116	15757	6415	179
15757	16116	-1947	179
15477	15757	4998	149
15757	15477	2108	149
15478	15757	6558	183
15757	15478	5161	183
15220	15757	4388	136
15757	15220	2161	136
16507	15757	7709	207
15757	16507	8052	207
15870	15757	3113	109
15757	15870	-3647	109
0	15376	953	185
1	15376	953	185
15376	1	8633	185
2	15376	953	185
15376	2	8633	185
3	15376	953	185
15376	3	8633	185
4	15376	953	185
15376	4	8633	185
5	15376	953	185
15376	5	8633	185
6	15376	953	185
15376	6	8633	185
7	15376	953	185
15376	7	8633	185
8	15376	953	185
15376	8	8633	185
15376	9	8633	185
15136	15376	-4896	59
15376	15136	-1770	59
15143	15376	-4444	69
15376	15143	-1563	69
15147	15376	-4111	76
15376	15147	1028	76
16428	15376	5215	276
15376	16428	-1187	276
16049	15376	-1267	137
15376	16049	-4918	137
15410	15376	-4525	67
15376	15410	787	67
15668	15376	-3738	84
15376	15668	-881	84
16056	15376	-3228	95
15376	16056	-255	95
15928	15376	-569	152
15376	15928	7110	152
15936	15376	-226	159
15376	15936	4940	159
15942	15376	-107	162
15376	15942	5646	162
15943	15376	-56	163
15376	15943	6487	163
16333	15376	5263	277
15376	16333	-3259	277
15952	15376	423	173
15376	15952	8103	173
15697	15376	-3531	88
15376	15697	1470	88
15313	15376	-5272	51
15376	15313	-957	51
15955	15376	304	171
15376	15955	6757	171
16212	15376	-2186	117
15376	16212	-1567	117
15445	15376	-3544	88
15376	15445	-1486	88
15957	15376	-109	162
15376	15957	3512	162
15701	15376	-1102	140
15376	15701	3831	140
16342	15376	1002	186
15376	16342	1522	186
16734	15376	5072	273
15376	16734	6741	273
16224	15376	-295	158
15376	16224	2614	158
15713	15376	-1397	134
15376	15713	1302	134
15714	15376	899	183
15376	15714	2114	183
15340	15376	-5982	36
15376	15340	-2511	36
16238	15376	-1922	123
15376	16238	5677	123
16239	15376	1747	202
15376	16239	-1532	202
15342	15376	-6367	28
15376	15342	-2130	28
15089	15376	-4221	74
15376	15089	61	74
16627	15376	2085	209
15376	16627	6462	209
16116	15376	-1718	127
15376	16116	-4381	127
15477	15376	-4816	61
15376	15477	-2006	61
15478	15376	-4090	76
15376	15478	211	76
15220	15376	-5196	53
15376	15220	-1724	53
16507	15376	4291	256
15376	16507	10333	256
15870	15376	4456	260
15376	15870	3394	260
0	15136	1675	133
1	15136	1675	133
15136	1	6229	133
2	15136	1675	133
15136	2	6229	133
3	15136	1675	133
15136	3	6229	133
4	15136	1675	133
15136	4	6229	133
5	15136	1675	133
15136	5	6229	133
6	15136	1675	133
15136	6	6229	133
7	15136	1675	133
15136	7	6229	133
8	15136	1675	133
15136	8	6229	133
15136	9	6229	133
15143	15136	-3906	13
15136	15143	-4151	13
15147	15136	-3458	23
15136	15147	-1444	23
16428	15136	6012	226
15136	16428	-3516	226
16049	15136	-843	79
15136	16049	-7619	79
15410	15136	-930	77
15136	15410	1256	77
15668	15136	-2803	37
15136	15668	-3072	37
16056	15136	-2803	37
15136	16056	-2957	37
15928	15136	822	115
15136	15928	5376	115
15936	15136	1165	122
15136	15936	3207	122
15942	15136	827	115
15136	15942	3455	115
15943	15136	878	116
15136	15943	4296	116
16333	15136	5687	219
15136	16333	-5960	219
15952	15136	1358	126
15136	15952	5912	126
15697	15136	-1883	57
15136	15697	-6	57
15313	15136	-2096	52
15136	15313	-908	52
15955	15136	1239	124
15136	15955	4566	124
16212	15136	-1762	59
15136	16212	-4268	59
15445	15136	-75	95
15136	15445	-1143	95
15957	15136	825	115
15136	15957	1321	115
15701	15136	-167	94
15136	15701	1640	94
16342	15136	1427	128
15136	16342	-1178	128
16734	15136	5496	215
15136	16734	4039	215
16224	15136	129	100
15136	16224	-87	100
15713	15136	-462	87
15136	15713	-888	87
15714	15136	1834	136
15136	15714	-76	136
15340	15136	-3133	30
15136	15340	-2788	30
16238	15136	-1497	65
15136	16238	2976	65
16239	15136	2171	144
15136	16239	-4233	144
15342	15136	-3083	31
15136	15342	-1971	31
15089	15136	-2367	46
15136	15089	-1210	46
16627	15136	3020	162
15136	16627	4271	162
16116	15136	-921	77
15136	16116	-6710	77
15477	15136	-2259	49
15136	15477	-2575	49
15478	15136	-474	87
15136	15478	701	87
15220	15136	-4254	6
15136	15220	-3909	6
16507	15136	5088	206
15136	16507	8004	206
15870	15136	4881	202
15136	15870	693	202
0	15143	857	121
1	15143	857	121
15143	1	5656	121
2	15143	857	121
15143	2	5656	121
3	15143	857	121
15143	3	5656	121
4	15143	857	121
15143	4	5656	121
5	15143	857	121
15143	5	5656	121
6	15143	857	121
15143	6	5656	121
7	15143	857	121
15143	7	5656	121
8	15143	857	121
15143	8	5656	121
15143	9	5656	121
15147	15143	-3356	30
15143	15147	-1098	30
16428	15143	5119	212
15143	16428	-4164	212
16049	15143	-763	86
15143	16049	-7294	86
15410	15143	-527	91
15143	15410	1904	91
15668	15143	-2658	45
15143	15668	-2683	45
16056	15143	-2723	44
15143	16056	-2632	44
15928	15143	966	123
15143	15928	5765	123
15936	15143	1310	130
15143	15936	3596	130
15942	15143	971	123
15143	15942	3844	123
15943	15143	1022	124
15143	15943	4685	124
16333	15143	5767	226
15143	16333	-5635	226
15952	15143	1502	135
15143	15952	6302	135
15697	15143	-1678	66
15143	15697	442	66
15313	15143	-1693	66
15143	15313	-259	66
15955	15143	1383	132
15143	15955	4955	132
16212	15143	-1682	66
15143	16212	-3943	66
15445	15143	327	109
15143	15445	-495	109
15957	15143	969	123
15143	15957	1711	123
15701	15143	-23	102
15143	15701	2029	102
16342	15143	997	124
15143	16342	-1363	124
16734	15143	5576	222
15143	16734	4364	222
16224	15143	209	107
15143	16224	237	107
15713	15143	-318	96
15143	15713	-499	96
15714	15143	1978	145
15143	15714	312	145
15340	15143	-3058	37
15143	15340	-2468	37
16238	15143	-1417	72
15143	16238	3301	72
16239	15143	2251	151
15143	16239	-3908	151
15342	15143	-2679	45
15143	15342	-1322	45
15089	15143	-2163	56
15143	15089	-760	56
16627	15143	3164	170
15143	16627	4661	170
16116	15143	-1814	63
15143	16116	-7359	63
15477	15143	-1855	63
15143	15477	-1927	63
15478	15143	-70	101
15143	15478	1349	101
15220	15143	-3851	20
15143	15220	-3260	20
16507	15143	4195	192
15143	16507	7356	192
15870	15143	4961	209
15143	15870	1017	209
0	15147	3650	132
1	15147	3650	132
15147	1	6191	132
2	15147	3650	132
15147	2	6191	132
3	15147	3650	132
15147	3	6191	132
4	15147	3650	132
15147	4	6191	132
5	15147	3650	132
15147	5	6191	132
6	15147	3650	132
15147	6	6191	132
7	15147	3650	132
15147	7	6191	132
8	15147	3650	132
15147	8	6191	132
15147	9	6191	132
16428	15147	8152	229
15147	16428	-3389	229
16049	15147	1131	78
15147	16049	-7657	78
15410	15147	1216	80
15147	15410	1390	80
15668	15147	-1795	15
15147	15668	-4078	15
16056	15147	-828	36
15147	16056	-2995	36
15928	15147	1829	93
15147	15928	4370	93
15936	15147	2173	101
15147	15936	2201	101
15942	15147	1834	93
15147	15942	2449	93
15943	15147	1885	94
15147	15943	3290	94
16333	15147	7632	217
15147	16333	-6029	217
15952	15147	2366	105
15147	15952	4907	105
15697	15147	-607	41
15147	15697	-744	41
15313	15147	270	60
15147	15313	-554	60
15955	15147	2247	102
15147	15955	3560	102
16212	15147	212	59
15147	16212	-4306	59
15445	15147	1509	86
15147	15445	-1572	86
15957	15147	1832	93
15147	15957	315	93
15701	15147	840	72
15147	15701	634	72
16342	15147	3402	127
15147	16342	-1217	127
16734	15147	7091	206
15147	16734	3621	206
16224	15147	2104	99
15147	16224	-125	99
15713	15147	544	66
15147	15713	-1894	66
15714	15147	2842	115
15147	15714	-1082	115
15340	15147	-334	47
15147	15340	-2003	47
16238	15147	477	64
15147	16238	2937	64
16239	15147	4146	143
15147	16239	-4272	143
15342	15147	-284	48
15147	15342	-1185	48
15089	15147	-1078	31
15147	15089	-1934	31
16627	15147	4027	140
15147	16627	3265	140
16116	15147	1886	94
15147	16116	-5916	94
15477	15147	-111	52
15147	15477	-2442	52
15478	15147	1673	90
15147	15478	835	90
15220	15147	-1455	23
15147	15220	-3123	23
16507	15147	7261	210
15147	16507	8163	210
15870	15147	6476	193
15147	15870	274	193
0	16428	-9541	97
1	16428	-9541	97
16428	1	4541	97
2	16428	-9541	97
16428	2	4541	97
3	16428	-9541	97
16428	3	4541	97
4	16428	-9541	97
16428	4	4541	97
5	16428	-9541	97
16428	5	4541	97
6	16428	-9541	97
16428	6	4541	97
7	16428	-9541	97
16428	7	4541	97
8	16428	-9541	97
16428	8	4541	97
16428	9	4541	97
16049	16428	-7000	151
16428	16049	-4248	151
15410	16428	-86	299
16428	15410	11629	299
15668	16428	-2643	245
16428	15668	6615	245
16056	16428	-5101	192
16428	16056	4273	192
15928	16428	-1140	277
16428	15928	12942	277
15936	16428	-766	285
16428	15936	10803	285
15942	16428	-1370	272
16428	15942	10786	272
15943	16428	-2539	247
16428	15943	10407	247
16333	16428	-8124	127
16428	16333	-10243	127
15952	16428	-839	283
16428	15952	13244	283
15697	16428	-1455	270
16428	15697	9949	270
15313	16428	-1304	273
16428	15313	9413	273
15955	16428	-958	281
16428	15955	11897	281
16212	16428	-5013	194
16428	16212	2009	194
15445	16428	660	315
16428	15445	9121	315
15957	16428	-3074	235
16428	15957	6951	235
15701	16428	-3110	235
16428	15701	8226	235
16342	16428	-9034	108
16428	16342	-2111	108
16734	16428	-7417	142
16428	16734	653	142
16224	16428	-6224	168
16428	16224	3088	168
15713	16428	-2667	244
16428	15713	6435	244
15714	16428	-3255	232
16428	15714	4362	232
15340	16428	-2682	244
16428	15340	7191	244
16238	16428	-5084	192
16428	16238	8918	192
16239	16428	-7096	149
16428	16239	-3973	149
15342	16428	-2296	252
16428	15342	8344	252
15089	16428	-1938	260
16428	15089	8747	260
16627	16428	-2815	241
16428	16627	7965	241
16116	16428	-7148	148
16428	16116	-3409	148
15477	16428	-1349	272
16428	15477	7862	272
15478	16428	347	309
16428	15478	11052	309
15220	16428	-3216	232
16428	15220	6658	232
16507	16428	-13086	21
16428	16507	-641	21
15870	16428	-6968	152
16428	15870	-1628	152
0	16049	-8165	67
1	16049	-8165	67
16049	1	3165	67
2	16049	-8165	67
16049	2	3165	67
3	16049	-8165	67
16049	3	3165	67
4	16049	-8165	67
16049	4	3165	67
5	16049	-8165	67
16049	5	3165	67
6	16049	-8165	67
16049	6	3165	67
7	16049	-8165	67
16049	7	3165	67
8	16049	-8165	67
16049	8	3165	67
16049	9	3165	67
15410	16049	-4289	150
16049	15410	4674	150
15668	16049	-6912	94
16049	15668	-405	94
16056	16049	-9370	42
16049	16056	-2747	42
15928	16049	-4982	136
16049	15928	6348	136
15936	16049	-4638	143
16049	15936	4178	143
15942	16049	-5096	133
16049	15942	4307	133
15943	16049	-5428	126
16049	15943	4766	126
16333	16049	-4799	139
16049	16333	-9671	139
15952	16049	-4565	144
16049	15952	6765	144
15697	16049	-5724	120
16049	15697	2928	120
15313	16049	-5244	130
16049	15313	2720	130
15955	16049	-4684	142
16049	15955	5419	142
16212	16049	-9281	43
16049	16212	-5011	43
15445	16049	-3607	165
16049	15445	2100	165
15957	16049	-5963	115
16049	15957	1309	115
15701	16049	-6973	93
16049	15701	1610	93
16342	16049	-8999	49
16049	16342	-4828	49
16734	16049	-4093	155
16049	16734	1225	155
16224	16049	-8847	53
16049	16224	-2287	53
15713	16049	-6530	102
16049	15713	-180	102
15714	16049	-5892	116
16049	15714	-1027	116
15340	16049	-6280	108
16049	15340	840	108
16238	16049	-9275	44
16049	16238	1974	44
16239	16049	-8315	64
16049	16239	-7945	64
15342	16049	-6230	109
16049	15342	1657	109
15089	16049	-6207	109
16049	15089	1726	109
16627	16049	-5452	125
16049	16627	2575	125
16116	16049	-6909	94
16049	16116	-5922	94
15477	16049	-5618	122
16049	15477	841	122
15478	16049	-3833	160
16049	15478	4119	160
15220	16049	-7402	84
16049	15220	-280	84
16507	16049	-5140	132
16049	16507	4552	132
15870	16049	-4094	155
16049	15870	-1507	155
0	15410	7192	204
1	15410	7192	204
15410	1	9559	204
2	15410	7192	204
15410	2	9559	204
3	15410	7192	204
15410	3	9559	204
4	15410	7192	204
15410	4	9559	204
5	15410	7192	204
15410	5	9559	204
6	15410	7192	204
15410	6	9559	204
7	15410	7192	204
15410	7	9559	204
8	15410	7192	204
15410	8	9559	204
15410	9	9559	204
15668	15410	1463	82
15410	15668	-992	82
16056	15410	2713	108
15410	16056	372	108
15928	15410	2030	94
15410	15928	4397	94
15936	15410	2373	101
15410	15936	2227	101
15942	15410	2884	112
15410	15942	3325	112
15943	15410	3916	134
15410	15943	5147	134
16333	15410	10507	275
15410	16333	-3328	275
15952	15410	3416	123
15410	15952	5783	123
15697	15410	109	53
15410	15697	-201	53
15313	15410	-1149	26
15410	15313	-2148	26
15955	15410	3297	121
15410	15955	4436	121
16212	15410	3755	131
15410	16212	-938	131
15445	15410	-1222	24
15410	15445	-4478	24
15957	15410	3863	133
15410	15957	2173	133
15701	15410	3715	130
15410	15701	3336	130
16342	15410	6944	199
15410	16342	2151	199
16734	15410	9966	264
15410	16734	6322	264
16224	15410	5644	171
15410	16224	3240	171
15713	15410	3419	124
15410	15713	806	124
15714	15410	4872	155
15410	15714	774	155
15340	15410	548	62
15410	15340	-1294	62
16238	15410	4019	136
15410	16238	6306	136
16239	15410	7689	215
15410	16239	-903	215
15342	15410	162	54
15410	15342	-912	54
15089	15410	107	53
15410	15089	-922	53
16627	15410	5652	171
15410	16627	4716	171
16116	15410	4695	151
15410	16116	-3281	151
15477	15410	-965	30
15410	15477	-3468	30
15478	15410	-1769	12
15410	15478	-2780	12
15220	15410	957	71
15410	15220	-884	71
16507	15410	10705	280
15410	16507	11433	280
15870	15410	9351	251
15410	15870	2975	251
0	15668	2112	148
1	15668	2112	148
15668	1	6936	148
2	15668	2112	148
15668	2	6936	148
3	15668	2112	148
15668	3	6936	148
4	15668	2112	148
15668	4	6936	148
5	15668	2112	148
15668	5	6936	148
6	15668	2112	148
15668	6	6936	148
7	15668	2112	148
15668	7	6936	148
8	15668	2112	148
15668	8	6936	148
15668	9	6936	148
16056	15668	-2366	52
15668	16056	-2250	52
15928	15668	-1198	77
15668	15928	3625	77
15936	15668	-855	85
15668	15936	1455	85
15942	15668	-1193	77
15668	15942	1703	77
15943	15668	-1142	78
15668	15943	2545	78
16333	15668	4603	202
15668	16333	-6775	202
15952	15668	-662	89
15668	15952	4161	89
15697	15668	-3143	36
15668	15697	-997	36
15313	15668	-1939	61
15668	15313	-481	61
15955	15668	-781	86
15668	15955	2815	86
16212	15668	-2144	57
15668	16212	-4381	57
15445	15668	-1026	81
15668	15445	-1825	81
15957	15668	-1195	77
15668	15957	-429	77
15701	15668	-2188	56
15668	15701	-110	56
16342	15668	1864	143
15668	16342	-471	143
16734	15668	4063	190
15668	16734	2875	190
16224	15668	-259	97
15668	16224	-206	97
15713	15668	-2483	50
15668	15713	-2640	50
15714	15668	-186	99
15668	15714	-1827	99
15340	15668	-2173	56
15668	15340	-1559	56
16238	15668	-1879	63
15668	16238	2863	63
16239	15668	1893	143
15668	16239	-4242	143
15342	15668	-2194	56
15668	15342	-812	56
15089	15668	-3372	31
15668	15089	-1945	31
16627	15668	999	124
15668	16627	2520	124
16116	15668	301	109
15668	16116	-5218	109
15477	15668	-2321	53
15668	15477	-2368	53
15478	15668	-548	91
15668	15478	897	91
15220	15668	-3295	32
15668	15220	-2679	32
16507	15668	5723	226
15668	16507	8908	226
15870	15668	3447	177
15668	15870	-471	177
0	16056	-228	95
1	16056	-228	95
16056	1	4479	95
2	16056	-228	95
16056	2	4479	95
3	16056	-228	95
16056	3	4479	95
4	16056	-228	95
16056	4	4479	95
5	16056	-228	95
16056	5	4479	95
6	16056	-228	95
16056	6	4479	95
7	16056	-228	95
16056	7	4479	95
8	16056	-228	95
16056	8	4479	95
16056	9	4479	95
15928	16056	19	101
16056	15928	4727	101
15936	16056	362	108
16056	15936	2557	108
15942	16056	-94	98
16056	15942	2686	98
15943	16056	-380	92
16056	15943	3191	92
16333	16056	3783	181
16056	16333	-7711	181
15952	16056	436	110
16056	15952	5144	110
15697	16056	-1062	78
16056	15697	967	78
15313	16056	-582	88
16056	15313	760	88
15955	16056	317	107
16056	15955	3797	107
16212	16056	-3666	22
16056	16212	-6019	22
15445	16056	1054	123
16056	15445	139	123
15957	16056	-608	87
16056	15957	41	87
15701	16056	-1972	58
16056	15701	-10	58
16342	16056	-477	90
16056	16342	-2929	90
16734	16056	3592	177
16056	16734	2289	177
16224	16056	-1774	62
16056	16224	-1837	62
15713	16056	-1529	68
16056	15713	-1801	68
15714	16056	299	107
16056	15714	-1457	107
15340	16056	-1618	66
16056	15340	-1120	66
16238	16056	-3401	27
16056	16238	1225	27
16239	16056	267	106
16056	16239	-5984	106
15342	16056	-1568	67
16056	15342	-303	67
15089	16056	-1545	67
16056	15089	-234	67
16627	16056	1221	127
16056	16627	2626	127
16116	16056	-245	95
16056	16116	-5881	95
15477	16056	-955	80
16056	15477	-1119	80
15478	16056	829	118
16056	15478	2158	118
15220	16056	-2740	42
16056	15220	-2241	42
16507	16056	3382	173
16056	16507	6451	173
15870	16056	2977	164
16056	15870	-1057	164
0	15928	8866	190
1	15928	8866	190
15928	1	8866	190
2	15928	8866	190
15928	2	8866	190
3	15928	8866	190
15928	3	8866	190
4	15928	8866	190
15928	4	8866	190
5	15928	8866	190
15928	5	8866	190
6	15928	8866	190
15928	6	8866	190
7	15928	8866	190
15928	7	8866	190
8	15928	8866	190
15928	8	8866	190
15928	9	8866	190
15936	15928	374	8
15928	15936	-2138	8
15942	15928	954	20
15928	15942	-971	20
15943	15928	1986	42
15928	15943	850	42
16333	15928	9047	193
15928	16333	-7155	193
15952	15928	1486	31
15928	15952	1486	31
15697	15928	3132	67
15928	15697	454	67
15313	15928	4981	106
15928	15313	1615	106
15955	15928	1367	29
15928	15955	139	29
16212	15928	4466	95
15928	16212	-2593	95
15445	15928	4171	89
15928	15445	-1451	89
15957	15928	1933	41
15928	15957	-2124	41
15701	15928	2403	51
15928	15701	-343	51
16342	15928	8618	184
15928	16342	1458	184
16734	15928	8507	182
15928	16734	2495	182
16224	15928	5083	108
15928	16224	312	108
15713	15928	2274	48
15928	15713	-2706	48
15714	15928	2942	63
15928	15714	-3522	63
15340	15928	6212	133
15928	15340	2002	133
16238	15928	4731	101
15928	16238	4650	101
16239	15928	6953	148
15928	16239	-4006	148
15342	15928	6042	129
15928	15342	2599	129
15089	15928	3782	81
15928	15089	385	81
16627	15928	3721	79
15928	16627	419	79
16116	15928	8750	187
15928	16116	-1593	187
15477	15928	4616	98
15928	15477	-254	98
15478	15928	4649	99
15928	15478	1270	99
15220	15928	5154	110
15928	15220	945	110
16507	15928	12353	264
15928	16507	10714	264
15870	15928	7891	169
15928	15870	-851	169
0	15936	6697	197
1	15936	6697	197
15936	1	9210	197
2	15936	6697	197
15936	2	9210	197
3	15936	6697	197
15936	3	9210	197
4	15936	6697	197
15936	4	9210	197
5	15936	6697	197
15936	5	9210	197
6	15936	6697	197
15936	6	9210	197
7	15936	6697	197
15936	7	9210	197
8	15936	6697	197
15936	8	9210	197
15936	9	9210	197
15942	15936	-1184	28
15936	15942	-597	28
15943	15936	-152	50
15936	15943	1224	50
16333	15936	6908	201
15936	16333	-6780	201
15952	15936	-652	39
15936	15952	1860	39
15697	15936	962	74
15936	15697	798	74
15313	15936	2811	114
15936	15313	1959	114
15955	15936	-771	37
15936	15955	514	37
16212	15936	2297	103
15936	16212	-2250	103
15445	15936	2001	96
15936	15445	-1107	96
15957	15936	-205	49
15936	15957	-1749	49
15701	15936	264	59
15936	15701	31	59
16342	15936	6448	192
15936	16342	1801	192
16734	15936	6368	190
15936	16734	2870	190
16224	15936	2944	116
15936	16224	687	116
15713	15936	135	56
15936	15713	-2331	56
15714	15936	803	71
15936	15714	-3148	71
15340	15936	4042	140
15936	15340	2346	140
16238	15936	2561	108
15936	16238	4994	108
16239	15936	4814	157
15936	16239	-3632	157
15342	15936	3872	136
15936	15342	2943	136
15089	15936	1612	88
15936	15089	728	88
16627	15936	1583	87
15936	16627	793	87
16116	15936	6581	194
15936	16116	-1249	194
15477	15936	2446	106
15936	15477	89	106
15478	15936	2479	106
15936	15478	1614	106
15220	15936	2984	117
15936	15220	1289	117
16507	15936	10214	272
15936	16507	11089	272
15870	15936	5752	177
15936	15870	-476	177
0	15942	6826	187
1	15942	6826	187
15942	1	8752	187
2	15942	6826	187
15942	2	8752	187
3	15942	6826	187
15942	3	8752	187
4	15942	6826	187
15942	4	8752	187
5	15942	6826	187
15942	5	8752	187
6	15942	6826	187
15942	6	8752	187
7	15942	6826	187
15942	7	8752	187
8	15942	6826	187
15942	8	8752	187
15942	9	8752	187
15943	15942	-169	37
15942	15943	620	37
16333	15942	6891	188
15942	16333	-7384	188
15952	15942	-1395	11
15942	15952	531	11
15697	15942	2060	85
15942	15697	1309	85
15313	15942	3909	125
15942	15313	2470	125
15955	15942	-1514	8
15942	15955	-815	8
16212	15942	2426	93
15942	16212	-2708	93
15445	15942	3099	107
15942	15445	-596	107
15957	15942	-222	36
15942	15957	-2353	36
15701	15942	247	46
15942	15701	-572	46
16342	15942	6562	181
15942	16342	1328	181
16734	15942	6351	177
15942	16734	2265	177
16224	15942	2927	104
15942	16224	82	104
15713	15942	118	43
15942	15713	-2935	43
15714	15942	786	58
15942	15714	-3752	58
15340	15942	4353	134
15942	15340	2070	134
16238	15942	2690	98
15942	16238	4536	98
16239	15942	4797	144
15942	16239	-4236	144
15342	15942	4333	134
15942	15342	2817	134
15089	15942	2710	99
15942	15089	1239	99
16627	15942	840	59
15942	16627	-535	59
16116	15942	6809	187
15942	16116	-1607	187
15477	15942	3544	117
15942	15477	600	117
15478	15942	3577	117
15942	15478	2125	117
15220	15942	3232	110
15942	15220	950	110
16507	15942	10197	259
15942	16507	10485	259
15870	15942	5735	164
15942	15870	-1080	164
0	15943	7263	180
1	15943	7263	180
15943	1	8400	180
2	15943	7263	180
15943	2	8400	180
3	15943	7263	180
15943	3	8400	180
4	15943	7263	180
15943	4	8400	180
5	15943	7263	180
15943	5	8400	180
6	15943	7263	180
15943	6	8400	180
7	15943	7263	180
15943	7	8400	180
8	15943	7263	180
15943	8	8400	180
15943	9	8400	180
16333	15943	6512	163
15943	16333	-8553	163
15952	15943	954	44
15943	15952	2090	44
15697	15943	3649	102
15943	15697	2107	102
15313	15943	5429	140
15943	15313	3200	140
15955	15943	813	41
15943	15955	722	41
16212	15943	2930	87
15943	16212	-2993	87
15445	15943	4921	129
15943	15445	435	129
15957	15943	-601	11
15943	15957	-3522	11
15701	15943	455	34
15943	15701	-1154	34
16342	15943	6183	156
15943	16342	159	156
16734	15943	5972	152
15943	16734	1096	152
16224	15943	2548	78
15943	16224	-1086	78
15713	15943	326	31
15943	15713	-3517	31
15714	15943	-16	23
15943	15714	-5346	23
15340	15943	5195	135
15943	15340	2121	135
16238	15943	3195	92
15943	16238	4251	92
16239	15943	4418	119
15943	16239	-5405	119
15342	15943	5175	135
15943	15342	2868	135
15089	15943	3611	101
15943	15089	1350	101
16627	15943	1168	49
15943	16627	-997	49
16116	15943	7314	181
15943	16116	-1893	181
15477	15943	4683	124
15943	15477	948	124
15478	15943	5399	140
15943	15478	3157	140
15220	15943	4073	111
15943	15220	1001	111
16507	15943	9818	234
15943	16507	9316	234
15870	15943	5357	139
15943	15870	-2249	139
0	16333	-10601	120
1	16333	-10601	120
16333	1	5601	120
2	16333	-10601	120
16333	2	5601	120
3	16333	-10601	120
16333	3	5601	120
4	16333	-10601	120
16333	4	5601	120
5	16333	-10601	120
16333	5	5601	120
6	16333	-10601	120
16333	6	5601	120
7	16333	-10601	120
16333	7	5601	120
8	16333	-10601	120
16333	8	5601	120
16333	9	5601	120
15952	16333	-6853	200
16333	15952	9349	200
15697	16333	-5671	225
16333	15697	7853	225
15313	16333	-3890	263
16333	15313	8946	263
15955	16333	-6972	197
16333	15955	8002	197
16212	16333	-8383	167
16333	16212	759	167
15445	16333	-3554	271
16333	15445	7025	271
15957	16333	-9088	152
16333	15957	3056	152
15701	16333	-8226	170
16333	15701	5230	170
16342	16333	-10094	130
16333	16342	-1052	130
16734	16333	-15496	15
16333	16734	-5305	15
16224	16333	-10176	129
16333	16224	1255	129
15713	16333	-7783	180
16333	15713	3439	180
15714	16333	-9403	145
16333	15714	333	145
15340	16333	-4621	248
16333	15340	7371	248
16238	16333	-8647	161
16333	16238	7474	161
16239	16333	-10847	114
16333	16239	-5605	114
15342	16333	-4571	249
16333	15342	8188	249
15089	16333	-5709	224
16333	15089	7096	224
16627	16333	-8963	155
16333	16627	3936	155
16116	16333	-7929	177
16333	16116	-2070	177
15477	16333	-4636	247
16333	15477	6695	247
15478	16333	-3076	281
16333	15478	9747	281
15220	16333	-5743	224
16333	15220	6250	224
16507	16333	-10832	115
16333	16507	3731	115
15870	16333	-15047	24
16333	15870	-7587	24
0	15952	9284	198
1	15952	9284	198
15952	1	9284	198
2	15952	9284	198
15952	2	9284	198
3	15952	9284	198
15952	3	9284	198
4	15952	9284	198
15952	4	9284	198
5	15952	9284	198
15952	5	9284	198
6	15952	9284	198
15952	6	9284	198
7	15952	9284	198
15952	7	9284	198
8	15952	9284	198
15952	8	9284	198
15952	9	9284	198
15697	15952	4518	96
15952	15697	1840	96
15313	15952	6367	136
15952	15313	3001	136
15955	15952	141	3
15952	15955	-1086	3
16212	15952	4883	104
15952	16212	-2176	104
15445	15952	5557	119
15952	15445	-65	119
15957	15952	2235	47
15952	15957	-1822	47
15701	15952	2704	57
15952	15701	-41	57
16342	15952	9020	193
15952	16342	1859	193
16734	15952	8808	188
15952	16734	2797	188
16224	15952	5385	115
15952	16224	614	115
15713	15952	2576	55
15952	15713	-2404	55
15714	15952	2745	58
15952	15714	-3719	58
15340	15952	6811	145
15952	15340	2602	145
16238	15952	5148	110
15952	16238	5068	110
16239	15952	7254	155
15952	16239	-3705	155
15342	15952	6791	145
15952	15342	3348	145
15089	15952	5168	110
15952	15089	1771	110
16627	15952	2613	56
15952	16627	-689	56
16116	15952	9267	198
15952	16116	-1076	198
15477	15952	6002	128
15952	15477	1131	128
15478	15952	6035	129
15952	15478	2656	129
15220	15952	5690	121
15952	15220	1481	121
16507	15952	12655	271
15952	16507	11016	271
15870	15952	8193	175
15952	15870	-549	175
0	15697	5446	174
1	15697	5446	174
15697	1	8124	174
2	15697	5446	174
15697	2	8124	174
3	15697	5446	174
15697	3	8124	174
4	15697	5446	174
15697	4	8124	174
5	15697	5446	174
15697	5	8124	174
6	15697	5446	174
15697	6	8124	174
7	15697	5446	174
15697	7	8124	174
8	15697	5446	174
15697	8	8124	174
15697	9	8124	174
15313	15697	382	65
15697	15313	-305	65
15955	15697	1721	94
15697	15955	3172	94
16212	15697	1105	81
15697	16212	-3277	81
15445	15697	-427	48
15697	15445	-3372	48
15957	15697	2054	101
15697	15957	674	101
15701	15697	1061	80
15697	15701	993	80
16342	15697	5198	168
15697	16342	716	168
16734	15697	7313	214
15697	16734	3979	214
16224	15697	2990	121
15697	16224	897	121
15713	15697	766	73
15697	15713	-1536	73
15714	15697	3063	123
15697	15714	-723	123
15340	15697	535	68
15697	15340	-995	68
16238	15697	1370	86
15697	16238	3967	86
16239	15697	5143	167
15697	16239	-3138	167
15342	15697	365	65
15697	15342	-398	65
15089	15697	-1894	16
15697	15089	-2613	16
16627	15697	4076	144
15697	16627	3451	144
16116	15697	3427	130
15697	16116	-4238	130
15477	15697	-822	39
15697	15477	-3015	39
15478	15697	50	58
15697	15478	-649	58
15220	15697	-229	52
15697	15220	-1760	52
16507	15697	9057	251
15697	16507	10096	251
15870	15697	6697	200
15697	15870	632	200
0	15313	5151	182
1	15313	5151	182
15313	1	8516	182
2	15313	5151	182
15313	2	8516	182
3	15313	5151	182
15313	3	8516	182
4	15313	5151	182
15313	4	8516	182
5	15313	5151	182
15313	5	8516	182
6	15313	5151	182
15313	6	8516	182
7	15313	5151	182
15313	7	8516	182
8	15313	5151	182
15313	8	8516	182
15313	9	8516	182
15955	15313	2882	133
15313	15955	5020	133
16212	15313	1801	110
15313	16212	-1893	110
15445	15313	-1167	47
15313	15445	-3423	47
15957	15313	3147	139
15313	15957	2455	139
15701	15313	2154	118
15313	15701	2774	118
16342	15313	4990	179
15313	16342	1196	179
16734	15313	8406	252
15313	16734	5760	252
16224	15313	3693	151
15313	16224	2287	151
15713	15313	1859	111
15313	15713	244	111
15714	15313	4156	161
15313	15714	1056	161
15340	15313	-1667	36
15313	15340	-2511	36
16238	15313	2066	116
15313	16238	5351	116
16239	15313	5735	195
15313	16239	-1858	195
15342	15313	-2053	28
15313	15342	-2130	28
15089	15313	-1073	49
15313	15089	-1105	49
16627	15313	5237	184
15313	16627	5300	184
16116	15313	2479	125
15313	16116	-4498	125
15477	15313	-2146	26
15313	15477	-3651	26
15478	15313	-1713	35
15313	15478	-1726	35
15220	15313	-1207	46
15313	15220	-2050	46
16507	15313	8489	254
15313	16507	10216	254
15870	15313	7790	239
15313	15870	2413	239
0	15955	7937	196
1	15955	7937	196
15955	1	9165	196
2	15955	7937	196
15955	2	9165	196
3	15955	7937	196
15955	3	9165	196
4	15955	7937	196
15955	4	9165	196
5	15955	7937	196
15955	5	9165	196
6	15955	7937	196
15955	6	9165	196
7	15955	7937	196
15955	7	9165	196
8	15955	7937	196
15955	8	9165	196
15955	9	9165	196
16212	15955	3537	102
15955	16212	-2295	102
15445	15955	4210	116
15955	15445	-184	116
15957	15955	888	45
15955	15957	-1941	45
15701	15955	1358	55
15955	15701	-160	55
16342	15955	7673	190
15955	16342	1740	190
16734	15955	7462	186
15955	16734	2678	186
16224	15955	4038	112
15955	16224	495	112
15713	15955	1229	52
15955	15713	-2523	52
15714	15955	1376	55
15955	15714	-3861	55
15340	15955	5465	143
15955	15340	2483	143
16238	15955	3802	107
15955	16238	4949	107
16239	15955	5908	152
15955	16239	-3824	152
15342	15955	5444	142
15955	15342	3229	142
15089	15955	3821	108
15955	15089	1652	108
16627	15955	1244	52
15955	16627	-830	52
16116	15955	7920	196
15955	16116	-1195	196
15477	15955	4656	126
15955	15477	1012	126
15478	15955	4688	126
15955	15478	2537	126
15220	15955	4343	119
15955	15220	1362	119
16507	15955	11308	268
15955	16507	10897	268
15870	15955	6847	173
15955	15870	-668	173
0	16212	-2493	97
1	16212	-2493	97
16212	1	4567	97
2	16212	-2493	97
16212	2	4567	97
3	16212	-2493	97
16212	3	4567	97
4	16212	-2493	97
16212	4	4567	97
5	16212	-2493	97
16212	5	4567	97
6	16212	-2493	97
16212	6	4567	97
7	16212	-2493	97
16212	7	4567	97
8	16212	-2493	97
16212	8	4567	97
16212	9	4567	97
15445	16212	-1160	126
16212	15445	277	126
15957	16212	-3221	82
16212	15957	-218	82
15701	16212	-4585	53
16212	15701	-270	53
16342	16212	-2741	92
16212	16342	-2841	92
16734	16212	218	155
16212	16734	1267	155
16224	16212	-5148	40
16212	16224	-2859	40
15713	16212	-4142	62
16212	15713	-2062	62
15714	16212	-2313	101
16212	15714	-1717	101
15340	16212	-2929	88
16212	15340	-78	88
16238	16212	-6796	5
16212	16238	184	5
16239	16212	-2957	87
16212	16239	-6857	87
15342	16212	-2879	89
16212	15342	738	89
15089	16212	-3314	80
16212	15089	348	80
16627	16212	-1753	113
16212	16627	2003	113
16116	16212	-2481	98
16212	16116	-5765	98
15477	16212	-2267	102
16212	15477	-77	102
15478	16212	-682	136
16212	15478	2999	136
15220	16212	-4051	64
16212	15220	-1199	64
16507	16212	1117	175
16212	16507	6539	175
15870	16212	-396	142
16212	15870	-2078	142
0	15445	4619	219
1	15445	4619	219
15445	1	10241	219
2	15445	4619	219
15445	2	10241	219
3	15445	4619	219
15445	3	10241	219
4	15445	4619	219
15445	4	10241	219
5	15445	4619	219
15445	5	10241	219
6	15445	4619	219
15445	6	10241	219
7	15445	4619	219
15445	7	10241	219
8	15445	4619	219
15445	8	10241	219
15445	9	10241	219
15957	15445	382	128
15445	15957	1946	128
15701	15445	233	125
15445	15701	3110	125
16342	15445	4370	214
15445	16342	2832	214
16734	15445	6485	259
15445	16734	6096	259
16224	15445	2162	166
15445	16224	3014	166
15713	15445	-61	119
15445	15713	580	119
15714	15445	1391	150
15445	15714	548	150
15340	15445	-1725	83
15445	15340	-312	83
16238	15445	542	132
15445	16238	6084	132
16239	15445	4315	212
15445	16239	-1022	212
15342	15445	-2111	75
15445	15342	68	75
15089	15445	-2722	62
15445	15089	-496	62
16627	15445	2170	166
15445	16627	4490	166
16116	15445	2391	171
15445	16116	-2330	171
15477	15445	-3365	48
15445	15477	-2614	48
15478	15445	-5075	11
15445	15478	-2831	11
15220	15445	-1443	89
15445	15220	-29	89
16507	15445	8229	296
15445	16507	12213	296
15870	15445	5870	246
15445	15870	2749	246
0	15957	3807	168
1	15957	3807	168
15957	1	7865	168
2	15957	3807	168
15957	2	7865	168
3	15957	3807	168
15957	3	7865	168
4	15957	3807	168
15957	4	7865	168
5	15957	3807	168
15957	5	7865	168
6	15957	3807	168
15957	6	7865	168
7	15957	3807	168
15957	7	7865	168
8	15957	3807	168
15957	8	7865	168
15957	9	7865	168
15701	15957	-2519	32
15957	15701	-1207	32
16342	15957	2727	145
15957	16342	-375	145
16734	15957	2516	140
15957	16734	562	140
16224	15957	-907	67
15957	16224	-1620	67
15713	15957	-2647	30
15957	15713	-3570	30
15714	15957	-2733	28
15957	15714	-5140	28
15340	15957	2220	134
15957	15340	2068	134
16238	15957	45	87
15957	16238	4022	87
16239	15957	962	107
15957	16239	-5940	107
15342	15957	2200	134
15957	15342	2815	134
15089	15957	636	100
15957	15089	1297	100
16627	15957	-1547	53
15957	16627	-792	53
16116	15957	4164	176
15957	16116	-2121	176
15477	15957	1708	123
15957	15477	895	123
15478	15957	2425	138
15957	15478	3104	138
15220	15957	1099	110
15957	15220	948	110
16507	15957	6362	223
15957	16507	8781	223
15870	15957	1900	127
15957	15870	-2784	127
0	15701	4129	147
1	15701	4129	147
15701	1	6875	147
2	15701	4129	147
15701	2	6875	147
3	15701	4129	147
15701	3	6875	147
4	15701	4129	147
15701	4	6875	147
5	15701	4129	147
15701	5	6875	147
6	15701	4129	147
15701	6	6875	147
7	15701	4129	147
15701	7	6875	147
8	15701	4129	147
15701	8	6875	147
15701	9	6875	147
16342	15701	3880	142
15701	16342	-533	142
16734	15701	4689	159
15701	16734	1424	159
16224	15701	367	66
15701	16224	-1657	66
15713	15701	-2303	9
15701	15713	-4537	9
15714	15701	-198	54
15701	15714	-3917	54
15340	15701	2539	113
15701	15340	1076	113
16238	15701	-6	58
15701	16238	2659	58
16239	15701	2519	112
15701	16239	-5693	112
15342	15701	2519	112
15701	15342	1822	112
15089	15701	955	79
15701	15089	304	79
16627	15701	987	80
15701	16627	430	80
16116	15701	4112	146
15701	16116	-3485	146
15477	15701	2027	102
15701	15477	-97	102
15478	15701	3588	135
15701	15478	2955	135
15220	15701	1418	89
15701	15220	-44	89
16507	15701	7637	222
15701	16507	8745	222
15870	15701	4074	146
15701	15870	-1922	146
0	16342	-6080	23
1	16342	-6080	23
16342	1	1080	23
2	16342	-6080	23
16342	2	1080	23
3	16342	-6080	23
16342	3	1080	23
4	16342	-6080	23
16342	4	1080	23
5	16342	-6080	23
16342	5	1080	23
6	16342	-6080	23
16342	6	1080	23
7	16342	-6080	23
16342	7	1080	23
8	16342	-6080	23
16342	8	1080	23
16342	9	1080	23
16734	16342	-345	146
16342	16734	802	146
16224	16342	-3525	77
16342	16224	-1135	77
15713	16342	-90	151
16342	15713	2089	151
15714	16342	-452	143
16342	15714	242	143
15340	16342	118	155
16342	15340	3069	155
16238	16342	-2912	91
16342	16238	4167	91
16239	16342	-3436	79
16342	16239	-7236	79
15342	16342	210	157
16342	15342	3927	157
15089	16342	233	158
16342	15089	3996	158
16627	16342	-11	153
16342	16627	3845	153
16116	16342	-4348	60
16342	16116	-7531	60
15477	16342	822	171
16342	15477	3111	171
15478	16342	2607	209
16342	15478	6389	209
15220	16342	-961	132
16342	15220	1989	132
16507	16342	-3003	89
16342	16507	2517	89
15870	16342	103	155
16342	15870	-1479	155
0	16734	296	135
1	16734	296	135
16734	1	6307	135
2	16734	296	135
16734	2	6307	135
3	16734	296	135
16734	3	6307	135
4	16734	296	135
16734	4	6307	135
5	16734	296	135
16734	5	6307	135
6	16734	296	135
16734	6	6307	135
7	16734	296	135
16734	7	6307	135
8	16734	296	135
16734	8	6307	135
16734	9	6307	135
16224	16734	-525	117
16734	16224	715	117
15713	16734	1867	168
16734	15713	2898	168
15714	16734	247	134
16734	15714	-206	134
15340	16734	5378	244
16734	15340	7180	244
16238	16734	1003	150
16734	16238	6934	150
16239	16734	49	129
16734	16239	-4898	129
15342	16734	5428	245
16734	15342	7997	245
15089	16734	3941	213
16734	15089	6556	213
16627	16734	687	143
16734	16627	3396	143
16116	16734	2968	192
16734	16116	-1364	192
15477	16734	5014	236
16734	15477	6154	236
15478	16734	6574	269
16734	15478	9207	269
15220	16734	4256	220
16734	15220	6059	220
16507	16734	65	130
16734	16507	4438	130
15870	16734	-5396	13
16734	15870	-8127	13
0	16224	-55	101
1	16224	-55	101
16224	1	4715	101
2	16224	-55	101
16224	2	4715	101
3	16224	-55	101
16224	3	4715	101
4	16224	-55	101
16224	4	4715	101
5	16224	-55	101
16224	5	4715	101
6	16224	-55	101
16224	6	4715	101
7	16224	-55	101
16224	7	4715	101
8	16224	-55	101
16224	8	4715	101
16224	9	4715	101
15713	16224	-1214	76
16224	15713	-1423	76
15714	16224	-1697	65
16224	15714	-3392	65
15340	16224	1251	129
16224	15340	1812	129
16238	16224	-3123	35
16224	16238	1566	35
16239	16224	-2579	46
16224	16239	-8769	46
15342	16224	1301	130
16224	15342	2629	130
15089	16224	859	120
16224	15089	2233	120
16627	16224	-1257	75
16224	16627	210	75
16116	16224	1219	128
16224	16116	-4353	128
15477	16224	1914	143
16224	15477	1813	143
15478	16224	3492	177
16224	15478	4884	177
15220	16224	129	105
16224	15220	691	105
16507	16224	2499	155
16224	16507	5631	155
15870	16224	99	104
16224	15870	-3872	104
0	15713	2338	156
1	15713	2338	156
15713	1	7318	156
2	15713	2338	156
15713	2	7318	156
3	15713	2338	156
15713	3	7318	156
4	15713	2338	156
15713	4	7318	156
5	15713	2338	156
15713	5	7318	156
6	15713	2338	156
15713	6	7318	156
7	15713	2338	156
15713	7	7318	156
8	15713	2338	156
15713	8	7318	156
15713	9	7318	156
15714	15713	-2561	51
15713	15714	-4046	51
15340	15713	9	106
15713	15340	780	106
16238	15713	-1797	68
15713	16238	3102	68
16239	15713	728	122
15713	16239	-5250	122
15342	15713	-10	106
15713	15342	1527	106
15089	15713	-1574	72
15713	15089	9	72
16627	15713	-1375	77
15713	16627	302	77
16116	15713	2321	156
15713	16116	-3042	156
15477	15713	-501	95
15713	15477	-392	95
15478	15713	1058	129
15713	15478	2660	129
15220	15713	-1111	82
15713	15220	-339	82
16507	15713	5846	232
15713	16507	9188	232
15870	15713	2283	155
15713	15870	-1479	155
0	15714	1322	166
1	15714	1322	166
15714	1	7788	166
2	15714	1322	166
15714	2	7788	166
3	15714	1322	166
15714	3	7788	166
4	15714	1322	166
15714	4	7788	166
5	15714	1322	166
15714	5	7788	166
6	15714	1322	166
15714	6	7788	166
7	15714	1322	166
15714	7	7788	166
8	15714	1322	166
15714	8	7788	166
15714	9	7788	166
15340	15714	822	156
15714	15340	3078	156
16238	15714	-1863	98
15714	16238	4521	98
16239	15714	-1760	100
15714	16239	-6255	100
15342	15714	802	155
15714	15342	3824	155
15089	15714	-761	122
15714	15089	2306	122
16627	15714	-4627	39
15714	16627	-1464	39
16116	15714	2479	191
15714	16116	-1399	191
15477	15714	310	145
15714	15477	1904	145
15478	15714	1026	160
15714	15478	4113	160
15220	15714	-299	132
15714	15220	1957	132
16507	15714	3773	219
15714	16507	8600	219
15870	15714	-821	120
15714	15870	-3099	120
0	15340	2929	152
1	15340	2929	152
15340	1	7138	152
2	15340	2929	152
15340	2	7138	152
3	15340	2929	152
15340	3	7138	152
4	15340	2929	152
15340	4	7138	152
5	15340	2929	152
15340	5	7138	152
6	15340	2929	152
15340	6	7138	152
7	15340	2929	152
15340	7	7138	152
8	15340	2929	152
15340	8	7138	152
15340	9	7138	152
16238	15340	185	94
15340	16238	4314	94
16239	15340	3855	172
15340	16239	-2895	172
15342	15340	-3823	8
15340	15342	-3056	8
15089	15340	-1686	54
15340	15089	-873	54
16627	15340	4263	181
15340	16627	5170	181
16116	15340	257	95
15340	16116	-5877	95
15477	15340	-2064	45
15340	15477	-2726	45
15478	15340	-859	71
15340	15478	-28	71
15220	15340	-3088	24
15340	15220	-3087	24
16507	15340	6267	224
15340	16507	8838	224
15870	15340	6564	230
15340	15870	2031	230
0	16238	4493	98
1	16238	4493	98
16238	1	4573	98
2	16238	4493	98
16238	2	4573	98
3	16238	4493	98
16238	3	4573	98
4	16238	4493	98
16238	4	4573	98
5	16238	4493	98
16238	5	4573	98
6	16238	4493	98
16238	6	4573	98
7	16238	4493	98
16238	7	4573	98
8	16238	4493	98
16238	8	4573	98
16238	9	4573	98
16239	16238	3757	82
16238	16239	-7121	82
15342	16238	4365	95
16238	15342	1003	95
15089	16238	3929	85
16238	15089	613	85
16627	16238	4961	108
16238	16627	1739	108
16116	16238	4762	103
16238	16116	-5500	103
15477	16238	4977	108
16238	15477	187	108
15478	16238	6562	142
16238	15478	3264	142
15220	16238	3193	70
16238	15220	-934	70
16507	16238	8026	173
16238	16507	6468	173
15870	16238	6318	137
16238	15870	-2343	137
0	16239	-6156	102
1	16239	-6156	102
16239	1	4803	102
2	16239	-6156	102
16239	2	4803	102
3	16239	-6156	102
16239	3	4803	102
4	16239	-6156	102
16239	4	4803	102
5	16239	-6156	102
16239	5	4803	102
6	16239	-6156	102
16239	6	4803	102
7	16239	-6156	102
16239	7	4803	102
8	16239	-6156	102
16239	8	4803	102
16239	9	4803	102
15342	16239	-2844	173
16239	15342	4672	173
15089	16239	-3176	166
16239	15089	4386	166
16627	16239	-5815	110
16239	16627	1842	110
16116	16239	-4424	140
16239	16116	-3808	140
15477	16239	-2232	187
16239	15477	3856	187
15478	16239	-544	223
16239	15478	7037	223
15220	16239	-4016	148
16239	15220	2734	148
16507	16239	-4562	137
16239	16507	4759	137
15870	16239	-4457	139
16239	15870	-2240	139
0	15342	4081	161
1	15342	4081	161
15342	1	7524	161
2	15342	4081	161
15342	2	7524	161
3	15342	4081	161
15342	3	7524	161
4	15342	4081	161
15342	4	7524	161
5	15342	4081	161
15342	5	7524	161
6	15342	4081	161
15342	6	7524	161
7	15342	4081	161
15342	7	7524	161
8	15342	4081	161
15342	8	7524	161
15342	9	7524	161
15089	15342	-1089	50
15342	15089	-1043	50
16627	15342	5010	181
15342	16627	5150	181
16116	15342	1409	103
15342	16116	-5491	103
15477	15342	-1683	37
15342	15477	-3111	37
15478	15342	-478	63
15342	15478	-414	63
15220	15342	-2270	25
15342	15220	-3036	25
16507	15342	7420	232
15342	16507	9223	232
15870	15342	7382	231
15342	15870	2081	231
0	15089	4244	163
1	15089	4244	163
15089	1	7641	163
2	15089	4244	163
15089	2	7641	163
3	15089	4244	163
15089	3	7641	163
4	15089	4244	163
15089	4	7641	163
5	15089	4244	163
15089	5	7641	163
6	15089	4244	163
15089	6	7641	163
7	15089	4244	163
15089	7	7641	163
8	15089	4244	163
15089	8	7641	163
15089	9	7641	163
16627	15089	3492	147
15089	16627	3586	147
16116	15089	2224	120
15089	16116	-4722	120
15477	15089	-2324	22
15089	15477	-3798	22
15478	15089	-466	62
15089	15478	-447	62
15220	15089	-1460	41
15089	15220	-2272	41
16507	15089	7855	241
15089	16507	9613	241
15870	15089	5941	200
15089	15870	595	200
0	16627	4925	176
1	16627	4925	176
16627	1	8228	176
2	16627	4925	176
16627	2	8228	176
3	16627	4925	176
16627	3	8228	176
4	16627	4925	176
16627	4	8228	176
5	16627	4925	176
16627	5	8228	176
6	16627	4925	176
16627	6	8228	176
7	16627	4925	176
16627	7	8228	176
8	16627	4925	176
16627	8	8228	176
16627	9	8228	176
16116	16627	6082	201
16627	16116	-958	201
15477	16627	4658	170
16627	15477	3090	170
15478	16627	4968	177
16627	15478	4892	177
15220	16627	4049	157
16627	15220	3143	157
16507	16627	7376	228
16627	16507	9040	228
15870	16627	2780	130
16627	15870	-2659	130
0	16116	-7671	57
1	16116	-7671	57
16116	1	2671	57
2	16116	-7671	57
16116	2	2671	57
3	16116	-7671	57
16116	3	2671	57
4	16116	-7671	57
16116	4	2671	57
5	16116	-7671	57
16116	5	2671	57
6	16116	-7671	57
16116	6	2671	57
7	16116	-7671	57
16116	7	2671	57
8	16116	-7671	57
16116	8	2671	57
16116	9	2671	57
15477	16116	-4513	124
16116	15477	959	124
15478	16116	-2846	160
16116	15478	4118	160
15220	16116	-6411	84
16116	15220	-276	84
16507	16116	-4333	128
16116	16507	4371	128
15870	16116	-914	202
16116	15870	686	202
0	15477	3360	176
1	15477	3360	176
15477	1	8231	176
2	15477	3360	176
15477	2	8231	176
3	15477	3360	176
15477	3	8231	176
4	15477	3360	176
15477	4	8231	176
5	15477	3360	176
15477	5	8231	176
6	15477	3360	176
15477	6	8231	176
7	15477	3360	176
15477	7	8231	176
8	15477	3360	176
15477	8	8231	176
15477	9	8231	176
15478	15477	-3012	39
15477	15478	-1520	39
15220	15477	-2875	42
15477	15220	-2213	42
16507	15477	6969	253
15477	16507	10201	253
15870	15477	5539	223
15477	15870	1667	223
0	15478	6637	214
1	15478	6637	214
15478	1	10016	214
2	15478	6637	214
15478	2	10016	214
3	15478	6637	214
15478	3	10016	214
4	15478	6637	214
15478	4	10016	214
5	15478	6637	214
15478	5	10016	214
6	15478	6637	214
15478	6	10016	214
7	15478	6637	214
15478	7	10016	214
8	15478	6637	214
15478	8	10016	214
15478	9	10016	214
15220	15478	402	81
15478	15220	-428	81
16507	15478	10128	289
15478	16507	11868	289
15870	15478	8592	256
15478	15870	3227	256
0	15220	2238	138
1	15220	2238	138
15220	1	6447	138
2	15220	2238	138
15220	2	6447	138
3	15220	2238	138
15220	3	6447	138
4	15220	2238	138
15220	4	6447	138
5	15220	2238	138
15220	5	6447	138
6	15220	2238	138
15220	6	6447	138
7	15220	2238	138
15220	7	6447	138
8	15220	2238	138
15220	8	6447	138
15220	9	6447	138
16507	15220	5734	213
15220	16507	8304	213
15870	15220	5444	206
15220	15870	910	206
0	16507	2011	78
1	16507	2011	78
16507	1	3649	78
2	16507	2011	78
16507	2	3649	78
3	16507	2011	78
16507	3	3649	78
4	16507	2011	78
16507	4	3649	78
5	16507	2011	78
16507	5	3649	78
6	16507	2011	78
16507	6	3649	78
7	16507	2011	78
16507	7	3649	78
8	16507	2011	78
16507	8	3649	78
16507	9	3649	78
15870	16507	4887	139
16507	15870	-2216	139
0	15870	-1985	144
1	15870	-1985	144
15870	1	6757	144
2	15870	-1985	144
15870	2	6757	144
3	15870	-1985	144
15870	3	6757	144
4	15870	-1985	144
15870	4	6757	144
5	15870	-1985	144
15870	5	6757	144
6	15870	-1985	144
15870	6	6757	144
7	15870	-1985	144
15870	7	6757	144
8	15870	-1985	144
15870	8	6757	144
15870	9	6757	144
