Nodes
0	0	1	0	660
1	0	1	120	600
2	0	1	120	600
3	0	1	120	600
4	0	1	120	600
5	0	1	120	600
6	0	1	120	600
7	0	1	120	600
8	0	1	120	600
9	0	1	120	600
10	0	1	120	660
17024	9	0	120	300
19078	4	0	360	540
19335	6	0	360	540
18955	13	0	360	540
19086	5	0	360	540
18067	9	0	360	540
17941	6	0	120	300
17557	9	0	120	300
18072	8	0	360	540
18337	6	0	360	540
17059	12	0	120	300
17061	10	0	120	300
18087	14	0	360	540
17832	9	0	120	300
18344	12	0	360	540
19115	9	0	360	540
19501	9	0	120	300
16685	13	0	120	300
17071	18	0	120	300
15537	12	0	120	300
16689	7	0	120	300
17841	18	0	120	300
17972	8	0	360	540
19125	9	0	360	540
19130	8	0	360	540
18619	9	0	360	540
18235	4	0	360	540
17853	11	0	120	300
17985	12	0	360	540
19010	9	0	360	540
19012	13	0	360	540
17220	10	0	120	300
17349	3	0	120	300
19143	10	0	360	540
18504	13	0	360	540
18505	11	0	360	540
17352	13	0	120	300
19023	15	0	360	540
18512	12	0	360	540
17363	13	0	120	300
17112	4	0	120	300
19422	8	0	360	540
18403	12	0	360	540
19428	11	0	360	540
17509	3	0	120	300
17772	15	0	120	300
19053	9	0	360	540
17007	6	0	120	300
17522	12	0	120	300
18421	9	0	360	540
18425	11	0	360	540
18938	10	0	360	540
Arcs
0	17024	6130	149
1	17024	6130	149
17024	1	6963	149
2	17024	6130	149
17024	2	6963	149
3	17024	6130	149
17024	3	6963	149
4	17024	6130	149
17024	4	6963	149
5	17024	6130	149
17024	5	6963	149
6	17024	6130	149
17024	6	6963	149
7	17024	6130	149
17024	7	6963	149
8	17024	6130	149
17024	8	6963	149
9	17024	6130	149
17024	9	6963	149
17024	10	6963	149
19078	17024	8289	195
17024	19078	7258	195
19335	17024	6311	153
17024	19335	6438	153
18955	17024	7806	185
17024	18955	4620	185
19086	17024	8154	192
17024	19086	7075	192
18067	17024	7642	181
17024	18067	8017	181
17941	17024	2429	69
17024	17941	679	69
17557	17024	5058	126
17024	17557	3013	126
18072	17024	8725	204
17024	18072	8905	204
18337	17024	11303	260
17024	18337	10615	260
17059	17024	456	27
17024	17059	-2275	27
17061	17024	994	39
17024	17061	-233	39
18087	17024	6674	160
17024	18087	3503	160
17832	17024	3511	93
17024	17832	983	93
18344	17024	8373	197
17024	18344	7785	197
19115	17024	9171	214
17024	19115	7896	214
19501	17024	4723	119
17024	19501	2307	119
16685	17024	3083	83
17024	16685	1848	83
17071	17024	384	26
17024	17071	-1677	26
15537	17024	3991	103
17024	15537	3682	103
16689	17024	2748	76
17024	16689	1419	76
17841	17024	1205	43
17024	17841	-2971	43
17972	17024	4225	108
17024	17972	1105	108
19125	17024	9150	213
17024	19125	5285	213
19130	17024	8933	209
17024	19130	8610	209
18619	17024	6546	158
17024	18619	2686	158
18235	17024	6053	147
17024	18235	2784	147
17853	17024	1342	46
17024	17853	1465	46
17985	17024	4961	124
17024	17985	3133	124
19010	17024	8154	192
17024	19010	7002	192
19012	17024	9148	213
17024	19012	7034	213
17220	17024	1335	46
17024	17220	2168	46
17349	17024	3487	92
17024	17349	803	92
19143	17024	8796	206
17024	19143	4821	206
18504	17024	8425	198
17024	18504	8066	198
18505	17024	8551	201
17024	18505	8811	201
17352	17024	3975	103
17024	17352	4809	103
19023	17024	8592	201
17024	19023	6364	201
18512	17024	8689	204
17024	18512	8636	204
17363	17024	3625	95
17024	17363	574	95
17112	17024	1287	45
17024	17112	-1162	45
19422	17024	8369	197
17024	19422	9202	197
18403	17024	9022	211
17024	18403	9164	211
19428	17024	8338	196
17024	19428	7155	196
17509	17024	5340	132
17024	17509	3732	132
17772	17024	3923	101
17024	17772	2403	101
19053	17024	9340	218
17024	19053	10173	218
17007	17024	556	29
17024	17007	-2279	29
17522	17024	4724	119
17024	17522	3594	119
18421	17024	9807	228
17024	18421	10341	228
18425	17024	10654	246
17024	18425	8055	246
18938	17024	8965	209
17024	18938	4582	209
0	19078	295	46
1	19078	295	46
19078	1	2160	46
2	19078	295	46
19078	2	2160	46
3	19078	295	46
19078	3	2160	46
4	19078	295	46
19078	4	2160	46
5	19078	295	46
19078	5	2160	46
6	19078	295	46
19078	6	2160	46
7	19078	295	46
19078	7	2160	46
8	19078	295	46
19078	8	2160	46
9	19078	295	46
19078	9	2160	46
19078	10	2160	46
19335	19078	113	42
19078	19335	1272	42
18955	19078	1373	69
19078	18955	-780	69
19086	19078	-1662	4
19078	19086	-1709	4
18067	19078	2583	95
19078	18067	3989	95
17941	19078	5884	166
19078	17941	5166	166
17557	19078	1784	78
19078	17557	771	78
18072	19078	3658	118
19078	18072	4869	118
18337	19078	6516	179
19078	18337	6859	179
17059	19078	8548	223
19078	17059	6848	223
17061	19078	7018	190
19078	17061	6820	190
18087	19078	2450	92
19078	18087	311	92
17832	19078	5815	164
19078	17832	4318	164
18344	19078	5038	147
19078	18344	5482	147
19115	19078	-162	36
19078	19115	-406	36
19501	19078	2846	100
19078	19501	1460	100
16685	19078	10921	273
19078	16685	10718	273
17071	19078	8462	221
19078	17071	7431	221
15537	19078	10792	271
19078	15537	11514	271
16689	19078	9962	253
19078	16689	9665	253
17841	19078	8821	228
19078	17841	5675	228
17972	19078	4089	127
19078	17972	2001	127
19125	19078	-882	21
19078	19125	-3716	21
19130	19078	-1099	16
19078	19130	-391	16
18619	19078	8880	230
19078	18619	6051	230
18235	19078	3883	123
19078	18235	1645	123
17853	19078	7386	198
19078	17853	8540	198
17985	19078	5496	157
19078	17985	4700	157
19010	19078	-1104	16
19078	19010	-1225	16
19012	19078	-501	29
19078	19012	-1583	29
17220	19078	9414	241
19078	17220	11278	241
17349	19078	3843	122
19078	17349	2190	122
19143	19078	-1333	11
19078	19143	-4277	11
18504	19078	7146	193
19078	18504	7818	193
18505	19078	7109	192
19078	18505	8400	192
17352	19078	3140	107
19078	17352	5004	107
19023	19078	-1561	6
19078	19023	-2758	6
18512	19078	6881	187
19078	18512	7859	187
17363	19078	3490	114
19078	17363	1469	114
17112	19078	5733	162
19078	17112	4313	162
19422	19078	-312	33
19078	19422	1551	33
18403	19078	7276	195
19078	18403	8449	195
19428	19078	-718	24
19078	19428	-870	24
17509	19078	1186	65
19078	17509	609	65
17772	19078	8565	223
19078	17772	8076	223
19053	19078	200	44
19078	19053	2064	44
17007	19078	5869	165
19078	17007	4064	165
17522	19078	2719	98
19078	17522	2619	98
18421	19078	8089	213
19078	18421	9654	213
18425	19078	7296	196
19078	18425	5729	196
18938	19078	1151	64
19078	18938	-2200	64
0	19335	-524	3
1	19335	-524	3
19335	1	181	3
2	19335	-524	3
19335	2	181	3
3	19335	-524	3
19335	3	181	3
4	19335	-524	3
19335	4	181	3
5	19335	-524	3
19335	5	181	3
6	19335	-524	3
19335	6	181	3
7	19335	-524	3
19335	7	181	3
8	19335	-524	3
19335	8	181	3
9	19335	-524	3
19335	9	181	3
19335	10	181	3
18955	19335	2397	66
19335	18955	-914	66
19086	19335	1136	39
19335	19086	-68	39
18067	19335	3566	91
19335	18067	3814	91
17941	19335	5694	137
19335	17941	3817	137
17557	19335	964	35
19335	17557	-1206	35
18072	19335	4649	114
19335	18072	4702	114
18337	19335	7508	176
19335	18337	6693	176
17059	19335	7728	180
19335	17059	4869	180
17061	19335	6274	149
19335	17061	4918	149
18087	19335	2710	73
19335	18087	-586	73
17832	19335	5625	135
19335	17832	2970	135
18344	19335	6029	144
19335	18344	5315	144
19115	19335	2487	68
19335	19115	1085	68
19501	19335	2485	68
19335	19501	-58	68
16685	19335	10276	235
19335	16685	8914	235
17071	19335	7642	178
19335	17071	5453	178
15537	19335	10146	232
19335	15537	9710	232
16689	19335	9317	214
19335	16689	7861	214
17841	19335	8001	186
19335	17841	3697	186
17972	19335	3899	98
19335	17972	653	98
19125	19335	2133	60
19335	19125	-1859	60
19130	19335	1916	56
19335	19130	1465	56
18619	19335	8690	201
19335	18619	4703	201
18235	19335	4579	113
19335	18235	1183	113
17853	19335	7196	169
19335	17853	7192	169
17985	19335	5306	128
19335	17985	3352	128
19010	19335	1136	39
19335	19010	-142	39
19012	19335	2130	60
19335	19012	-110	60
17220	19335	8594	199
19335	17220	9300	199
17349	19335	3443	88
19335	17349	632	88
19143	19335	1778	53
19335	19143	-2323	53
18504	19335	8137	189
19335	18504	7652	189
18505	19335	8101	188
19335	18505	8233	188
17352	19335	2739	73
19335	17352	3446	73
19023	19335	1574	48
19335	19023	-780	48
18512	19335	7873	183
19335	18512	7693	183
17363	19335	3089	81
19335	17363	-88	81
17112	19335	5097	124
19335	17112	2519	124
19422	19335	1675	51
19335	19422	2381	51
18403	19335	8267	192
19335	18403	8282	192
19428	19335	1320	43
19335	19428	10	43
17509	19335	503	25
19335	17509	-1231	25
17772	19335	8374	194
19335	17772	6728	194
19053	19335	2732	73
19335	19053	3439	73
17007	19335	5049	123
19335	17007	2086	123
17522	19335	1899	55
19335	17522	641	55
18421	19335	9081	209
19335	18421	9487	209
18425	19335	8288	192
19335	18425	5562	192
18938	19335	3080	81
19335	18938	-1428	81
0	18955	-732	70
1	18955	-732	70
18955	1	3285	70
2	18955	-732	70
18955	2	3285	70
3	18955	-732	70
18955	3	3285	70
4	18955	-732	70
18955	4	3285	70
5	18955	-732	70
18955	5	3285	70
6	18955	-732	70
18955	6	3285	70
7	18955	-732	70
18955	7	3285	70
8	18955	-732	70
18955	8	3285	70
9	18955	-732	70
18955	9	3285	70
18955	10	3285	70
19086	18955	-704	71
18955	19086	1402	71
18067	18955	-2676	28
18955	18067	883	28
17941	18955	1712	122
18955	17941	3147	122
17557	18955	756	102
18955	17557	1897	102
18072	18955	-1734	48
18955	18072	1631	48
18337	18955	1124	110
18955	18337	3621	110
17059	18955	4665	186
18955	17059	5119	186
17061	18955	2845	147
18955	17061	4802	147
18087	18955	-2809	25
18955	18087	-2794	25
17832	18955	1113	109
18955	17832	1770	109
18344	18955	-354	78
18955	18344	2243	78
19115	18955	-1530	53
18955	19115	379	53
19501	18955	-245	80
18955	19501	523	80
16685	18955	8537	269
18955	16685	10488	269
17071	18955	5838	211
18955	17071	6961	211
15537	18955	9445	288
18955	15537	12322	288
16689	18955	8201	261
18955	16689	10059	261
17841	18955	4741	187
18955	17841	3750	187
17972	18955	-384	77
18955	17972	-319	77
19125	18955	-1289	58
18955	19125	-1969	58
19130	18955	-1305	58
18955	19130	1556	58
18619	18955	3800	167
18955	18619	3125	167
18235	18955	-1376	56
18955	18235	-1460	56
17853	18955	3213	154
18955	17853	6522	154
17985	18955	416	95
18955	17985	1774	95
19010	18955	-1540	53
18955	19010	492	53
19012	18955	-1503	53
18955	19012	-431	53
17220	18955	6789	231
18955	17220	10808	231
17349	18955	3234	155
18955	17349	3736	155
19143	18955	-1196	60
18955	19143	-1986	60
18504	18955	1753	123
18955	18504	4580	123
18505	18955	1717	122
18955	18505	5162	122
17352	18955	2531	140
18955	17352	6549	140
19023	18955	-981	65
18955	19023	-23	65
18512	18955	1488	118
18955	18512	4621	118
17363	18955	2881	147
18955	17363	3015	147
17112	18955	2499	139
18955	17112	3234	139
19422	18955	-2332	36
18955	19422	1686	36
18403	18955	1883	126
18955	18403	5211	126
19428	18955	-1926	44
18955	19428	76	44
17509	18955	294	92
18955	17509	1872	92
17772	18955	3720	165
18955	17772	5386	165
19053	18955	-1374	56
18955	19053	2644	56
17007	18955	4602	184
18955	17007	4952	184
17522	18955	340	93
18955	17522	2395	93
18421	18955	2697	143
18955	18421	6416	143
18425	18955	1904	126
18955	18425	2490	126
18938	18955	-2307	36
18955	18938	-3504	36
0	19086	113	43
1	19086	113	43
19086	1	2024	43
2	19086	113	43
19086	2	2024	43
3	19086	113	43
19086	3	2024	43
4	19086	113	43
19086	4	2024	43
5	19086	113	43
19086	5	2024	43
6	19086	113	43
19086	6	2024	43
7	19086	113	43
19086	7	2024	43
8	19086	113	43
19086	8	2024	43
9	19086	113	43
19086	9	2024	43
19086	10	2024	43
18067	19086	2612	96
19086	18067	4065	96
17941	19086	5701	163
19086	17941	5030	163
17557	19086	1601	75
19086	17557	635	75
18072	19086	3686	119
19086	18072	4945	119
18337	19086	6545	181
19086	18337	6935	181
17059	19086	8366	220
19086	17059	6712	220
17061	19086	6835	187
19086	17061	6684	187
18087	19086	2479	94
19086	18087	386	94
17832	19086	5632	161
19086	17832	4183	161
18344	19086	5066	149
19086	18344	5557	149
19115	19086	-33	40
19086	19115	-230	40
19501	19086	2663	98
19086	19501	1325	98
16685	19086	10739	271
19086	16685	10582	271
17071	19086	8279	218
19086	17071	7296	218
15537	19086	10609	268
19086	15537	11378	268
16689	19086	9780	250
19086	16689	9529	250
17841	19086	8638	226
19086	17841	5539	226
17972	19086	3907	124
19086	17972	1865	124
19125	19086	-752	24
19086	19125	-3540	24
19130	19086	-969	20
19086	19130	-214	20
18619	19086	8697	227
19086	18619	5915	227
18235	19086	3911	124
19086	18235	1721	124
17853	19086	7203	195
19086	17853	8404	195
17985	19086	5314	154
19086	17985	4564	154
19010	19086	-1075	17
19086	19010	-1149	17
19012	19086	-372	32
19086	19012	-1407	32
17220	19086	9231	238
19086	17220	11142	238
17349	19086	3660	119
19086	17349	2054	119
19143	19086	-1204	15
19086	19143	-4101	15
18504	19086	7174	194
19086	18504	7894	194
18505	19086	7138	193
19086	18505	8476	193
17352	19086	2957	104
19086	17352	4868	104
19023	19086	-1432	10
19086	19023	-2582	10
18512	19086	6910	189
19086	18512	7935	189
17363	19086	3307	111
19086	17363	1334	111
17112	19086	5550	159
19086	17112	4178	159
19422	19086	-283	34
19086	19422	1627	34
18403	19086	7304	197
19086	18403	8525	197
19428	19086	-689	26
19086	19428	-794	26
17509	19086	1003	62
19086	17509	474	62
17772	19086	8382	220
19086	17772	7940	220
19053	19086	329	48
19086	19053	2240	48
17007	19086	5686	162
19086	17007	3928	162
17522	19086	2536	95
19086	17522	2483	95
18421	19086	8118	214
19086	18421	9729	214
18425	19086	7325	197
19086	18425	5804	197
18938	19086	1179	66
19086	18938	-2124	66
0	18067	3996	95
1	18067	3996	95
18067	1	4454	95
2	18067	3996	95
18067	2	4454	95
3	18067	3996	95
18067	3	4454	95
4	18067	3996	95
18067	4	4454	95
5	18067	3996	95
18067	5	4454	95
6	18067	3996	95
18067	6	4454	95
7	18067	3996	95
18067	7	4454	95
8	18067	3996	95
18067	8	4454	95
9	18067	3996	95
18067	9	4454	95
18067	10	4454	95
17941	18067	5056	118
18067	17941	2931	118
17557	18067	5179	120
18067	17557	2760	120
18072	18067	624	23
18067	18072	430	23
18337	18067	3483	84
18067	18337	2420	84
17059	18067	8009	181
18067	17059	4902	181
17061	18067	6189	142
18067	17061	4586	142
18087	18067	555	21
18067	18087	-2989	21
17832	18067	4378	103
18067	17832	1476	103
18344	18067	2005	52
18067	18344	1042	52
19115	18067	3239	79
18067	19115	1589	79
19501	18067	3241	79
18067	19501	450	79
16685	18067	11933	265
18067	16685	10324	265
17071	18067	9234	207
18067	17071	6797	207
15537	18067	12842	285
18067	15537	12158	285
16689	18067	11598	258
18067	16689	9895	258
17841	18067	8085	183
18067	17841	3534	183
17972	18067	3057	75
18067	17972	-437	75
19125	18067	3480	84
18067	19125	-759	84
19130	18067	3464	84
18067	19130	2766	84
18619	18067	7066	161
18067	18619	2830	161
18235	18067	1804	48
18067	18235	-1838	48
17853	18067	6557	150
18067	17853	6306	150
17985	18067	3682	88
18067	17985	1479	88
19010	18067	3229	79
18067	19010	1702	79
19012	18067	3266	79
18067	19012	778	79
17220	18067	10185	228
18067	17220	10644	228
17349	18067	7180	163
18067	17349	4121	163
19143	18067	3573	86
18067	19143	-777	86
18504	18067	4112	97
18067	18504	3379	97
18505	18067	4076	97
18067	18505	3961	97
17352	18067	6477	148
18067	17352	6935	148
19023	18067	3788	91
18067	19023	1185	91
18512	18067	3848	92
18067	18512	3420	92
17363	18067	6827	156
18067	17363	3401	156
17112	18067	5941	137
18067	17112	3116	137
19422	18067	2437	62
18067	19422	2895	62
18403	18067	4242	100
18067	18403	4010	100
19428	18067	2843	70
18067	19428	1285	70
17509	18067	5024	117
18067	17509	3041	117
17772	18067	6986	159
18067	17772	5091	159
19053	18067	3358	81
18067	19053	3817	81
17007	18067	8090	183
18067	17007	4879	183
17522	18067	3827	91
18067	17522	2322	91
18421	18067	5056	118
18067	18421	5214	118
18425	18067	4263	101
18067	18425	1289	101
18938	18067	2245	57
18067	18938	-2512	57
0	17941	3765	136
1	17941	3765	136
17941	1	6348	136
2	17941	3765	136
17941	2	6348	136
3	17941	3765	136
17941	3	6348	136
4	17941	3765	136
17941	4	6348	136
5	17941	3765	136
17941	5	6348	136
6	17941	3765	136
17941	6	6348	136
7	17941	3765	136
17941	7	6348	136
8	17941	3765	136
17941	8	6348	136
9	17941	3765	136
17941	9	6348	136
17941	10	6348	136
17557	17941	2692	113
17941	17557	2398	113
18072	17941	4014	141
17941	18072	5944	141
18337	17941	6592	196
17941	18337	7654	196
17059	17941	667	69
17941	17059	-314	69
17061	17941	-1147	30
17941	17061	-626	30
18087	17941	2016	98
17941	18087	595	98
17832	17941	-1199	29
17941	17832	-1977	29
18344	17941	3662	133
17941	18344	4824	133
19115	17941	5243	167
17941	19115	5718	167
19501	17941	1003	76
17941	19501	337	76
16685	17941	4596	153
17941	16685	5111	153
17071	17941	1897	96
17941	17071	1584	96
15537	17941	5504	173
17941	15537	6945	173
16689	17941	4260	146
17941	16689	4682	146
17841	17941	564	67
17941	17841	-1862	67
17972	17941	-485	44
17941	17972	-1855	44
19125	17941	5485	172
17941	19125	3369	172
19130	17941	5469	172
17941	19130	6895	172
18619	17941	2496	108
17941	18619	386	108
18235	17941	1342	84
17941	18235	-176	84
17853	17941	-963	34
17941	17853	909	34
17985	17941	250	60
17941	17985	172	60
19010	17941	5030	163
17941	19010	5627	163
19012	17941	5271	168
17941	19012	4907	168
17220	17941	2848	116
17941	17220	5431	116
17349	17941	4255	146
17941	17349	3321	146
19143	17941	5577	174
17941	19143	3352	174
18504	17941	3698	134
17941	18504	5090	134
18505	17941	3825	137
17941	18505	5834	137
17352	17941	3990	140
17941	17352	6573	140
19023	17941	5468	172
17941	19023	4990	172
18512	17941	3963	140
17941	18512	5660	140
17363	17941	4340	148
17941	17363	3039	148
17112	17941	206	59
17941	17112	-494	59
19422	17941	4442	150
17941	19422	7025	150
18403	17941	4296	147
17941	18403	6188	147
19428	17941	4848	159
17941	19428	5415	159
17509	17941	2975	119
17941	17509	3117	119
17772	17941	375	63
17941	17772	606	63
19053	17941	5413	171
17941	19053	7996	171
17007	17941	1745	92
17941	17007	659	92
17522	17941	1348	84
17941	17522	1968	84
18421	17941	5081	164
17941	18421	7364	164
18425	17941	5943	182
17941	18425	5094	182
18938	17941	4859	159
17941	18938	2226	159
0	17557	-1181	36
1	17557	-1181	36
17557	1	1696	36
2	17557	-1181	36
17557	2	1696	36
3	17557	-1181	36
17557	3	1696	36
4	17557	-1181	36
17557	4	1696	36
5	17557	-1181	36
17557	5	1696	36
6	17557	-1181	36
17557	6	1696	36
7	17557	-1181	36
17557	7	1696	36
8	17557	-1181	36
17557	8	1696	36
9	17557	-1181	36
17557	9	1696	36
17557	10	1696	36
18072	17557	3843	144
17557	18072	6067	144
18337	17557	6701	205
17557	18337	8058	205
17059	17557	4303	153
17557	17059	3616	153
17061	17557	2849	122
17557	17061	3665	122
18087	17557	1746	99
17557	18087	620	99
17832	17557	2569	116
17557	17832	2085	116
18344	17557	5223	173
17557	18344	6680	173
19115	17557	1987	104
17557	19115	2756	104
19501	17557	-939	41
17557	19501	-1311	41
16685	17557	6851	208
17557	16685	7660	208
17071	17557	4217	152
17557	17071	4199	152
15537	17557	6721	205
17557	15537	8456	205
16689	17557	5892	187
17557	16689	6608	187
17841	17557	4576	159
17557	17841	2443	159
17972	17557	1617	96
17557	17972	542	96
19125	17557	1632	96
17557	19125	-188	96
19130	17557	1415	91
17557	19130	3136	91
18619	17557	6482	200
17557	18619	4666	200
18235	17557	3355	133
17557	18235	2131	133
17853	17557	3899	145
17557	17853	6067	145
17985	17557	3098	128
17557	17985	3314	128
19010	17557	635	75
17557	19010	1528	75
19012	17557	1629	96
17557	19012	1560	96
17220	17557	5168	172
17557	17220	8046	172
17349	17557	226	66
17557	17349	-412	66
19143	17557	1278	89
17557	19143	-652	89
18504	17557	6718	205
17557	18504	8404	205
18505	17557	6844	208
17557	18505	9148	208
17352	17557	-476	51
17557	17352	2401	51
19023	17557	1073	84
17557	19023	890	84
18512	17557	6982	211
17557	18512	8974	211
17363	17557	-126	58
17557	17363	-1133	58
17112	17557	1672	97
17557	17112	1266	97
19422	17557	1174	86
17557	19422	4052	86
18403	17557	7455	221
17557	18403	9641	221
19428	17557	819	79
17557	19428	1681	79
17509	17557	-1926	20
17557	17509	-1489	20
17772	17557	5078	170
17557	17772	5603	170
19053	17557	2232	109
17557	19053	5109	109
17007	17557	1624	96
17557	17007	832	96
17522	17557	-1525	28
17557	17522	-612	28
18421	17557	8239	238
17557	18421	10817	238
18425	17557	7481	221
17557	18425	6927	221
18938	17557	2580	116
17557	18938	242	116
0	18072	4884	118
1	18072	4884	118
18072	1	5537	118
2	18072	4884	118
18072	2	5537	118
3	18072	4884	118
18072	3	5537	118
4	18072	4884	118
18072	4	5537	118
5	18072	4884	118
18072	5	5537	118
6	18072	4884	118
18072	6	5537	118
7	18072	4884	118
18072	7	5537	118
8	18072	4884	118
18072	8	5537	118
9	18072	4884	118
18072	9	5537	118
18072	10	5537	118
18337	18072	2206	61
18072	18337	1337	61
17059	18072	8898	204
18072	17059	5985	204
17061	18072	7078	165
18072	17061	5669	165
18087	18072	1443	44
18072	18087	-1907	44
17832	18072	5237	126
18072	17832	2529	126
18344	18072	727	29
18072	18344	-40	29
19115	18072	3696	93
18072	19115	2240	93
19501	18072	4130	102
18072	19501	1533	102
16685	18072	12822	288
18072	16685	11407	288
17071	18072	10123	230
18072	17071	7880	230
15537	18072	13730	308
18072	15537	13241	308
16689	18072	12486	281
18072	16689	10978	281
17841	18072	8704	200
18072	17841	4347	200
17972	18072	3945	98
18072	17972	645	98
19125	18072	4180	103
18072	19125	134	103
19130	18072	4249	105
18072	19130	3745	105
18619	18072	6221	147
18072	18619	2180	147
18235	18072	2693	71
18072	18235	-755	71
17853	18072	7446	173
18072	17853	7388	173
17985	18072	3786	95
18072	17985	1778	95
19010	18072	4109	102
18072	19010	2776	102
19012	18072	3966	98
18072	19012	1672	98
17220	18072	11074	251
18072	17220	11727	251
17349	18072	8069	186
18072	17349	5204	186
19143	18072	4453	109
18072	19143	297	109
18504	18072	2835	74
18072	18504	2296	74
18505	18072	2798	73
18072	18505	2878	73
17352	18072	7365	171
18072	17352	8018	171
19023	18072	4668	114
18072	19023	2260	114
18512	18072	2570	69
18072	18512	2337	69
17363	18072	7715	179
18072	17363	4484	179
17112	18072	6830	160
18072	17112	4199	160
19422	18072	3317	85
18072	19422	3970	85
18403	18072	2965	77
18072	18403	2927	77
19428	18072	3723	93
18072	19428	2360	93
17509	18072	5912	140
18072	17509	4124	140
17772	18072	6394	151
18072	17772	4695	151
19053	18072	3466	88
18072	19053	4119	88
17007	18072	8978	206
18072	17007	5962	206
17522	18072	4716	115
18072	17522	3405	115
18421	18072	3778	94
18072	18421	4132	94
18425	18072	2985	77
18072	18425	206	77
18938	18072	2353	64
18072	18938	-2209	64
0	18337	6875	179
1	18337	6875	179
18337	1	8396	179
2	18337	6875	179
18337	2	8396	179
3	18337	6875	179
18337	3	8396	179
4	18337	6875	179
18337	4	8396	179
5	18337	6875	179
18337	5	8396	179
6	18337	6875	179
18337	6	8396	179
7	18337	6875	179
18337	7	8396	179
8	18337	6875	179
18337	8	8396	179
9	18337	6875	179
18337	9	8396	179
18337	10	8396	179
17059	18337	10286	253
18337	17059	8243	253
17061	18337	8787	220
18337	17061	8247	220
18087	18337	3433	106
18337	18087	951	106
17832	18337	6378	169
18337	17832	4538	169
18344	18337	1408	62
18337	18344	1509	62
19115	18337	5686	154
18337	19115	5099	154
19501	18337	6120	163
18337	19501	4392	163
16685	18337	14531	343
18337	16685	13985	343
17071	18337	11832	286
18337	17071	10458	286
15537	18337	15440	363
18337	15537	15819	363
16689	18337	14196	336
18337	16689	13556	336
17841	18337	9845	243
18337	17841	6357	243
17972	18337	5935	159
18337	17972	3504	159
19125	18337	6170	164
18337	19125	2993	164
19130	18337	6239	166
18337	19130	6604	166
18619	18337	7006	182
18337	18619	3833	182
18235	18337	4683	132
18337	18235	2102	132
17853	18337	8655	218
18337	17853	9466	218
17985	18337	4927	138
18337	17985	3788	138
19010	18337	6099	163
18337	19010	5635	163
19012	18337	5956	160
18337	19012	4531	160
17220	18337	12783	306
18337	17220	14305	306
17349	18337	10059	248
18337	17349	8063	248
19143	18337	6443	170
18337	19143	3156	170
18504	18337	2205	79
18337	18504	2535	79
18505	18337	2169	79
18337	18505	3116	79
17352	18337	9355	233
18337	17352	10877	233
19023	18337	6658	175
18337	19023	5119	175
18512	18337	1940	74
18337	18512	2576	74
17363	18337	9705	240
18337	17363	7342	240
17112	18337	8820	221
18337	17112	7057	221
19422	18337	5307	146
18337	19422	6829	146
18403	18337	1682	68
18337	18403	2512	68
19428	18337	5713	155
18337	19428	5219	155
17509	18337	7902	201
18337	17509	6983	201
17772	18337	7227	187
18337	17772	6396	187
19053	18337	5456	149
18337	19053	6978	149
17007	18337	10968	267
18337	17007	8821	267
17522	18337	6706	176
18337	17522	6263	176
18421	18337	1667	68
18337	18421	2888	68
18425	18337	-687	17
18337	18425	-2598	17
18938	18337	4343	125
18337	18938	648	125
0	17059	4688	176
1	17059	4688	176
17059	1	8253	176
2	17059	4688	176
17059	2	8253	176
3	17059	4688	176
17059	3	8253	176
4	17059	4688	176
17059	4	8253	176
5	17059	4688	176
17059	5	8253	176
6	17059	4688	176
17059	6	8253	176
7	17059	4688	176
17059	7	8253	176
8	17059	4688	176
17059	8	8253	176
9	17059	4688	176
17059	9	8253	176
17059	10	8253	176
17061	17059	-1745	39
17059	17061	-241	39
18087	17059	3987	161
17059	18087	3548	161
17832	17059	586	88
17059	17832	790	88
18344	17059	5312	190
17059	18344	7457	190
19115	17059	7214	231
17059	19115	8671	231
19501	17059	2974	140
17059	19501	3290	140
16685	17059	1084	99
17059	16685	2581	99
17071	17059	-1614	41
17059	17071	-945	41
15537	17059	1992	119
17059	15537	4415	119
16689	17059	748	92
17059	16689	2152	92
17841	17059	-2816	16
17059	17841	-4261	16
17972	17059	1485	108
17059	17972	1097	108
19125	17059	7456	236
17059	19125	6322	236
19130	17059	7440	235
17059	19130	9848	235
18619	17059	2950	139
17059	18619	1822	139
18235	17059	3313	147
17059	18235	2776	147
17853	17059	-1933	34
17059	17853	921	34
17985	17059	2036	120
17059	17985	2941	120
19010	17059	6712	220
17059	19010	8292	220
19012	17059	7242	231
17059	19012	7860	231
17220	17059	-663	62
17059	17220	2901	62
17349	17059	2045	120
17059	17349	2093	120
19143	17059	7354	234
17059	19143	6111	234
18504	17059	5149	186
17059	18504	7522	186
18505	17059	5275	189
17059	18505	8267	189
17352	17059	2533	130
17059	17352	6099	130
19023	17059	7150	229
17059	19023	7654	229
18512	17059	5413	192
17059	18512	8093	192
17363	17059	2183	123
17059	17363	1864	123
17112	17059	-253	70
17059	17112	27	70
19422	17059	6413	213
17059	19422	9978	213
18403	17059	5746	199
17059	18403	8621	199
19428	17059	6819	222
17059	19428	8368	222
17509	17059	3898	159
17059	17509	5022	159
17772	17059	326	83
17059	17772	1539	83
19053	17059	7384	234
17059	19053	10949	234
17007	17059	-885	57
17059	17007	-989	57
17522	17059	3183	144
17059	17522	4784	144
18421	17059	6531	216
17059	18421	9797	216
18425	17059	7594	239
17059	18425	7727	239
18938	17059	6830	222
17059	18938	5179	222
0	17061	4737	145
1	17061	4737	145
17061	1	6799	145
2	17061	4737	145
17061	2	6799	145
3	17061	4737	145
17061	3	6799	145
4	17061	4737	145
17061	4	6799	145
5	17061	4737	145
17061	5	6799	145
6	17061	4737	145
17061	6	6799	145
7	17061	4737	145
17061	7	6799	145
8	17061	4737	145
17061	8	6799	145
9	17061	4737	145
17061	9	6799	145
17061	10	6799	145
18087	17061	3670	122
17061	18087	1728	122
17832	17061	454	53
17061	17832	-844	53
18344	17061	5317	158
17061	18344	5958	158
19115	17061	6898	192
17061	19115	6851	192
19501	17061	2658	101
17061	19501	1470	101
16685	17061	3682	123
17061	16685	3676	123
17071	17061	983	65
17061	17071	149	65
15537	17061	4591	142
17061	15537	5510	142
16689	17061	3347	115
17061	16689	3247	115
17841	17061	-132	41
17061	17841	-3080	41
17972	17061	1168	69
17061	17972	-722	69
19125	17061	7139	197
17061	19125	4502	197
19130	17061	7123	196
17061	19130	8028	196
18619	17061	4295	136
17061	18619	1663	136
18235	17061	2997	108
17061	18235	956	108
17853	17061	-803	26
17061	17853	547	26
17985	17061	1905	85
17061	17985	1305	85
19010	17061	6684	187
17061	19010	6761	187
19012	17061	6925	192
17061	19012	6040	192
17220	17061	1934	85
17061	17220	3996	85
17349	17061	3674	122
17061	17349	2218	122
19143	17061	7232	199
17061	19143	4485	199
18504	17061	5606	164
17061	18504	6476	164
18505	17061	5733	167
17061	18505	7221	167
17352	17061	4162	133
17061	17352	6224	133
19023	17061	7123	196
17061	19023	6123	196
18512	17061	5871	169
17061	18512	7047	169
17363	17061	3812	125
17061	17363	1990	125
17112	17061	-374	36
17061	17112	-1596	36
19422	17061	6096	174
17061	19422	8158	174
18403	17061	6204	177
17061	18403	7575	177
19428	17061	6502	183
17061	19428	6548	183
17509	17061	3947	128
17061	17509	3568	128
17772	17061	1672	80
17061	17772	1381	80
19053	17061	7067	195
17061	19053	9129	195
17007	17061	831	61
17061	17007	-775	61
17522	17061	3003	108
17061	17522	3101	108
18421	17061	6989	193
17061	18421	8751	193
18425	17061	7598	207
17061	18425	6228	207
18938	17061	6514	183
17061	18938	3359	183
0	18087	-404	77
1	18087	-404	77
18087	1	3598	77
2	18087	-404	77
18087	2	3598	77
3	18087	-404	77
18087	3	3598	77
4	18087	-404	77
18087	4	3598	77
5	18087	-404	77
18087	5	3598	77
6	18087	-404	77
18087	6	3598	77
7	18087	-404	77
18087	7	3598	77
8	18087	-404	77
18087	8	3598	77
9	18087	-404	77
18087	9	3598	77
18087	10	3598	77
17832	18087	-80	84
18087	17832	562	84
18344	18087	-526	74
18087	18344	2056	74
19115	18087	-439	76
18087	19115	1456	76
19501	18087	-1316	57
18087	19501	-562	57
16685	18087	7420	244
18087	16685	9356	244
17071	18087	4721	186
18087	17071	5829	186
15537	18087	8329	264
18087	15537	11190	264
16689	18087	7085	237
18087	16689	8927	237
17841	18087	3625	163
18087	17841	2618	163
17972	18087	-1501	53
18087	17972	-1450	53
19125	18087	-197	81
18087	19125	-892	81
19130	18087	-213	81
18087	19130	2633	81
18619	18087	2606	141
18087	18619	1916	141
18235	18087	-2121	40
18087	18235	-2219	40
17853	18087	2096	130
18087	17853	5390	130
17985	18087	-777	69
18087	17985	565	69
19010	18087	-448	76
18087	19010	1569	76
19012	18087	-411	76
18087	19012	645	76
17220	18087	5672	207
18087	17220	9676	207
17349	18087	2621	141
18087	17349	3108	141
19143	18087	-105	83
18087	19143	-910	83
18504	18087	1581	119
18087	18504	4393	119
18505	18087	1544	118
18087	18505	4974	118
17352	18087	1918	126
18087	17352	5922	126
19023	18087	110	88
18087	19023	1052	88
18512	18087	1316	113
18087	18512	4434	114
17363	18087	2268	134
18087	17363	2387	134
17112	18087	1382	115
18087	17112	2102	115
19422	18087	-1240	59
18087	19422	2762	59
18403	18087	1711	122
18087	18403	5023	122
19428	18087	-834	67
18087	19428	1152	67
17509	18087	622	99
18087	17509	2185	99
17772	18087	2526	139
18087	17772	4177	139
19053	18087	-282	79
18087	19053	3721	79
17007	18087	3531	161
18087	17007	3865	161
17522	18087	-731	70
18087	17522	1308	70
18421	18087	2524	139
18087	18421	6228	139
18425	18087	1731	122
18087	18425	2303	122
18938	18087	-1083	62
18087	18938	-2295	62
0	17832	3152	139
1	17832	3152	139
17832	1	6513	139
2	17832	3152	139
17832	2	6513	139
3	17832	3152	139
17832	3	6513	139
4	17832	3152	139
17832	4	6513	139
5	17832	3152	139
17832	5	6513	139
6	17832	3152	139
17832	6	6513	139
7	17832	3152	139
17832	7	6513	139
8	17832	3152	139
17832	8	6513	139
9	17832	3152	139
17832	9	6513	139
17832	10	6513	139
18344	17832	1608	106
17832	18344	3548	106
19115	17832	4094	159
17832	19115	5346	159
19501	17832	396	80
17832	19501	508	80
16685	17832	4899	177
17832	16685	6192	177
17071	17832	2200	119
17832	17071	2666	119
15537	17832	5808	196
17832	15537	8026	196
16689	17832	4564	169
17832	16689	5763	169
17841	17832	349	79
17832	17841	-1299	79
17972	17832	-1635	36
17832	17972	-2227	36
19125	17832	4335	164
17832	19125	2997	164
19130	17832	4319	164
17832	19130	6523	164
18619	17832	828	89
17832	18619	-504	89
18235	17832	-291	65
17832	18235	-1032	65
17853	17832	-840	54
17832	17853	1809	54
17985	17832	-1910	31
17832	17985	-1210	31
19010	17832	4084	159
17832	19010	5459	159
19012	17832	4121	160
17832	19012	4535	160
17220	17832	3152	139
17832	17220	6512	139
17349	17832	4087	159
17832	17349	3930	159
19143	17832	4428	166
17832	19143	2980	166
18504	17832	2029	115
17832	18504	4199	115
18505	17832	2156	118
17832	18505	4943	118
17352	17832	3383	144
17832	17352	6744	144
19023	17832	4621	171
17832	19023	4921	171
18512	17832	2294	121
17832	18512	4769	121
17363	17832	3733	152
17832	17363	3210	152
17112	17832	510	82
17832	17112	587	82
19422	17832	3292	142
17832	19422	6653	142
18403	17832	2627	128
17832	18403	5297	128
19428	17832	3698	151
17832	19428	5043	151
17509	17832	2368	122
17832	17509	3288	122
17772	17832	-551	60
17832	17772	456	60
19053	17832	4263	163
17832	19053	7624	163
17007	17832	2048	115
17832	17007	1740	115
17522	17832	741	87
17832	17522	2138	87
18421	17832	3412	145
17832	18421	6473	145
18425	17832	3889	155
17832	18425	3818	155
18938	17832	3482	146
17832	18938	1627	146
0	18344	5497	148
1	18344	5497	148
18344	1	6918	148
2	18344	5497	148
18344	2	6918	148
3	18344	5497	148
18344	3	6918	148
4	18344	5497	148
18344	4	6918	148
5	18344	5497	148
18344	5	6918	148
6	18344	5497	148
18344	6	6918	148
7	18344	5497	148
18344	7	6918	148
8	18344	5497	148
18344	8	6918	148
9	18344	5497	148
18344	9	6918	148
18344	10	6918	148
19115	18344	4308	122
18344	19115	3621	122
19501	18344	4742	132
18344	19501	2914	132
16685	18344	11702	281
18344	16685	11055	281
17071	18344	9003	223
18344	17071	7528	223
15537	18344	12610	300
18344	15537	12889	300
16689	18344	11366	274
18344	16689	10626	274
17841	18344	7016	180
18344	17841	3427	180
17972	18344	3329	101
18344	17972	797	101
19125	18344	4793	133
18344	19125	1515	133
19130	18344	4861	134
18344	19130	5126	134
18619	18344	4532	127
18344	18619	1259	127
18235	18344	1891	70
18344	18235	-790	70
17853	18344	5825	155
18344	17853	6536	155
17985	18344	2098	75
18344	17985	857	75
19010	18344	4721	131
18344	19010	4157	131
19012	18344	4579	128
18344	19012	3053	128
17220	18344	9954	243
18344	17220	11374	243
17349	18344	8681	216
18344	17349	6585	216
19143	18344	5065	138
18344	19143	1677	138
18504	18344	687	45
18344	18504	916	45
18505	18344	650	44
18344	18505	1497	44
17352	18344	7978	201
18344	17352	9398	201
19023	18344	5281	143
18344	19023	3640	143
18512	18344	422	39
18344	18512	957	39
17363	18344	8328	208
18344	17363	5864	208
17112	18344	6973	179
18344	17112	5109	179
19422	18344	3930	114
18344	19422	5350	114
18403	18344	817	47
18344	18403	1546	47
19428	18344	4336	123
18344	19428	3740	123
17509	18344	6525	170
18344	17509	5505	170
17772	18344	4706	131
18344	17772	3774	131
19053	18344	4079	117
18344	19053	5499	117
17007	18344	8851	220
18344	17007	6602	220
17522	18344	5328	144
18344	17522	4785	144
18421	18344	1630	65
18344	18421	2751	65
18425	18344	1011	52
18344	18425	-999	52
18938	18344	2965	93
18344	18938	-829	93
0	19115	1267	72
1	19115	1267	72
19115	1	3376	72
2	19115	1267	72
19115	2	3376	72
3	19115	1267	72
19115	3	3376	72
4	19115	1267	72
19115	4	3376	72
5	19115	1267	72
19115	5	3376	72
6	19115	1267	72
19115	6	3376	72
7	19115	1267	72
19115	7	3376	72
8	19115	1267	72
19115	8	3376	72
9	19115	1267	72
19115	9	3376	72
19115	10	3376	72
19501	19115	2887	107
19115	19501	1746	107
16685	19115	11812	298
19115	16685	11853	298
17071	19115	9113	240
19115	17071	8326	240
15537	19115	11938	301
19115	15537	12904	301
16689	19115	11109	283
19115	16689	11055	283
17841	19115	8747	232
19115	17841	5846	232
17972	19115	3621	122
19115	17972	1776	122
19125	19115	-1373	15
19115	19125	-3963	15
19130	19115	-1171	20
19115	19130	-219	20
18619	19115	8066	218
19115	18619	5480	218
18235	19115	2888	107
19115	18235	895	107
17853	19115	7219	199
19115	17853	8618	199
17985	19115	4682	145
19115	17985	4129	145
19010	19115	-756	28
19115	19010	-633	28
19012	19115	-1750	7
19115	19012	-2588	7
17220	19115	10064	260
19115	17220	12172	260
17349	19115	5235	157
19115	17349	3826	157
19143	19115	-937	25
19115	19143	-3637	25
18504	19115	5728	167
19115	18504	6645	167
18505	19115	5692	167
19115	18505	7227	167
17352	19115	4531	142
19115	17352	6640	142
19023	19115	-704	30
19115	19023	-1656	30
18512	19115	5464	162
19115	18512	6686	162
17363	19115	4881	149
19115	17363	3105	149
17112	19115	5775	168
19115	17112	4599	168
19422	19115	-956	24
19115	19422	1152	24
18403	19115	5859	170
19115	18403	7276	170
19428	19115	-865	26
19115	19428	-772	26
17509	19115	2295	94
19115	17509	1963	94
17772	19115	7986	216
19115	17772	7742	216
19053	19115	-1745	7
19115	19053	362	7
17007	19115	6841	191
19115	17007	5280	191
17522	19115	3473	119
19115	17522	3617	119
18421	19115	6672	188
19115	18421	8481	188
18425	19115	5879	171
19115	18425	4555	171
18938	19115	-387	36
19115	18938	-3495	36
0	19501	-239	64
1	19501	-239	64
19501	1	3010	64
2	19501	-239	64
19501	2	3010	64
3	19501	-239	64
19501	3	3010	64
4	19501	-239	64
19501	4	3010	64
5	19501	-239	64
19501	5	3010	64
6	19501	-239	64
19501	6	3010	64
7	19501	-239	64
19501	7	3010	64
8	19501	-239	64
19501	8	3010	64
9	19501	-239	64
19501	9	3010	64
19501	10	3010	64
16685	19501	6223	202
19501	16685	7405	202
17071	19501	3524	145
19501	17071	3878	145
15537	19501	6696	213
19501	15537	8803	213
16689	19501	5866	195
19501	16689	6954	195
17841	19501	3366	141
19501	17841	1606	141
17972	19501	-550	57
19501	17972	-1253	57
19125	19501	1987	112
19501	19125	538	112
19130	19501	1971	111
19501	19130	4064	111
18619	19501	4404	164
19501	18619	2960	164
18235	19501	1046	92
19501	18235	193	92
17853	19501	1838	109
19501	17853	4378	109
17985	19501	1020	91
19501	17985	1609	91
19010	19501	1325	98
19501	19010	2589	98
19012	19501	1773	107
19501	19012	2076	107
17220	19501	4475	165
19501	17220	7725	165
17349	19501	689	84
19501	17349	421	84
19143	19501	1967	111
19501	19143	408	111
18504	19501	4436	164
19501	18504	6494	164
18505	19501	4563	167
19501	18505	7239	167
17352	19501	-14	69
19501	17352	3235	69
19023	19501	1763	107
19501	19023	1951	107
18512	19501	4701	170
19501	18512	7064	170
17363	19501	335	76
19501	17363	-298	76
17112	19501	186	73
19501	17112	151	73
19422	19501	944	89
19501	19422	4194	89
18403	19501	5151	180
19501	18403	7710	180
19428	19501	1350	98
19501	19428	2584	98
17509	19501	-1029	47
19501	17509	-220	47
17772	19501	3017	134
19501	17772	3914	134
19053	19501	1915	110
19501	19053	5165	110
17007	19501	1598	103
19501	17007	1179	103
17522	19501	-2663	12
19501	17522	-1377	12
18421	19501	5958	197
19501	18421	8908	197
18425	19501	5172	180
19501	18425	4989	180
18938	19501	1540	102
19501	18938	-425	102
0	16685	8733	231
1	16685	8733	231
16685	1	10801	231
2	16685	8733	231
16685	2	10801	231
3	16685	8733	231
16685	3	10801	231
4	16685	8733	231
16685	4	10801	231
5	16685	8733	231
16685	5	10801	231
6	16685	8733	231
16685	6	10801	231
7	16685	8733	231
16685	7	10801	231
8	16685	8733	231
16685	8	10801	231
9	16685	8733	231
16685	9	10801	231
16685	10	10801	231
17071	16685	631	57
16685	17071	-196	57
15537	16685	-432	35
16685	15537	492	35
16689	16685	-849	26
16685	16689	-942	26
17841	16685	3329	115
16685	17841	387	115
17972	16685	6906	192
16685	17972	5021	192
19125	16685	11700	295
16685	19125	9069	295
19130	16685	11483	290
16685	19130	12394	290
18619	16685	9037	237
16685	18619	6411	237
18235	16685	8735	231
16685	18235	6701	231
17853	16685	4024	130
16685	17853	5382	130
17985	16685	7643	208
16685	17985	7050	208
19010	16685	10756	274
16685	19010	10839	274
19012	16685	11750	296
16685	19012	10872	296
17220	16685	-319	37
16685	17220	1747	37
17349	16685	5082	153
16685	17349	3633	153
19143	16685	11249	285
16685	19143	8508	285
18504	16685	11106	282
16685	18504	11983	282
18505	16685	11233	285
16685	18505	12727	285
17352	16685	5714	166
16685	17352	7781	166
19023	16685	11020	280
16685	19023	10027	280
18512	16685	11371	287
16685	18512	12553	287
17363	16685	5364	159
16685	17363	3547	159
17112	16685	3969	129
16685	17112	2753	129
19422	16685	11051	281
16685	19422	13119	281
18403	16685	11704	295
16685	18403	13081	295
19428	16685	10941	278
16685	19428	10992	278
17509	16685	7942	214
16685	17509	7570	214
17772	16685	6428	182
16685	17772	6144	182
19053	16685	12022	301
16685	19053	14090	301
17007	16685	3224	113
16685	17007	1623	113
17522	16685	7406	203
16685	17522	7510	203
18421	16685	12489	311
16685	18421	14257	311
18425	16685	13336	330
16685	18425	11972	330
18938	16685	11647	293
16685	18938	8499	293
0	17071	5272	175
1	17071	5272	175
17071	1	8167	175
2	17071	5272	175
17071	2	8167	175
3	17071	5272	175
17071	3	8167	175
4	17071	5272	175
17071	4	8167	175
5	17071	5272	175
17071	5	8167	175
6	17071	5272	175
17071	6	8167	175
7	17071	5272	175
17071	7	8167	175
8	17071	5272	175
17071	8	8167	175
9	17071	5272	175
17071	9	8167	175
17071	10	8167	175
15537	17071	712	77
17071	15537	2465	77
16689	17071	-531	50
17071	16689	202	50
17841	17071	-196	57
17071	17841	-2311	57
17972	17071	3380	134
17071	17972	2322	134
19125	17071	8292	239
17071	19125	6489	239
19130	17071	8075	235
17071	19130	9814	235
18619	17071	5570	181
17071	18619	3772	181
18235	17071	5208	173
17071	18235	4001	173
17853	17071	497	72
17071	17853	2682	72
17985	17071	4116	150
17071	17985	4350	150
19010	17071	7296	218
17071	19010	8206	218
19012	17071	8290	239
17071	19012	8238	239
17220	17071	-1943	20
17071	17220	951	20
17349	17071	2629	118
17071	17349	2007	118
19143	17071	7938	232
17071	19143	6025	232
18504	17071	7580	224
17071	18504	9283	224
18505	17071	7706	227
17071	18505	10028	227
17352	17071	3117	128
17071	17352	6012	128
19023	17071	7734	227
17071	19023	7568	227
18512	17071	7844	230
17071	18512	9854	230
17363	17071	2767	121
17071	17363	1778	121
17112	17071	443	71
17071	17112	54	71
19422	17071	7524	223
17071	19422	10420	223
18403	17071	8178	237
17071	18403	10382	237
19428	17071	7480	222
17071	19428	8359	222
17509	17071	4482	158
17071	17509	4936	158
17772	17071	2946	125
17071	17772	3489	125
19053	17071	8495	244
17071	19053	11391	244
17007	17071	-301	55
17071	17007	-1075	55
17522	17071	3880	145
17071	17522	4811	145
18421	17071	8962	254
17071	18421	11558	254
18425	17071	9809	272
17071	18425	9273	272
18938	17071	8120	236
17071	18938	5800	236
0	15537	9529	228
1	15537	9529	228
15537	1	10671	228
2	15537	9529	228
15537	2	10671	228
3	15537	9529	228
15537	3	10671	228
4	15537	9529	228
15537	4	10671	228
5	15537	9529	228
15537	5	10671	228
6	15537	9529	228
15537	6	10671	228
7	15537	9529	228
15537	7	10671	228
8	15537	9529	228
15537	8	10671	228
9	15537	9529	228
15537	9	10671	228
15537	10	10671	228
16689	15537	426	33
15537	16689	-592	33
17841	15537	5163	135
15537	17841	1296	135
17972	15537	8740	211
15537	17972	5930	211
19125	15537	12496	292
15537	19125	8940	292
19130	15537	12279	287
15537	19130	12265	287
18619	15537	10931	258
15537	18619	7380	258
18235	15537	10569	250
15537	18235	7609	250
17853	15537	5858	150
15537	17853	6290	150
17985	15537	9477	227
15537	17985	7958	227
19010	15537	11552	272
15537	19010	10709	272
19012	15537	12546	293
15537	19012	10742	293
17220	15537	1514	56
15537	17220	2656	56
17349	15537	5878	150
15537	17349	3503	150
19143	15537	12044	282
15537	19143	8378	282
18504	15537	12940	301
15537	18504	12891	301
18505	15537	13067	304
15537	18505	13636	304
17352	15537	6509	163
15537	17352	7652	163
19023	15537	11816	277
15537	19023	9898	277
18512	15537	13205	307
15537	18512	13462	307
17363	15537	6159	156
15537	17363	3418	156
17112	15537	5803	148
15537	17112	3662	148
19422	15537	12091	283
15537	19422	13234	283
18403	15537	13538	314
15537	18403	13990	314
19428	15537	11736	275
15537	19428	10863	275
17509	15537	8738	211
15537	17509	7440	211
17772	15537	8307	202
15537	17772	7097	202
19053	15537	13149	306
15537	19053	14291	306
17007	15537	4379	118
15537	17007	1852	118
17522	15537	8217	200
15537	17522	7395	200
18421	15537	14323	331
15537	18421	15166	331
18425	15537	15170	349
15537	18425	12880	349
18938	15537	13481	313
15537	18938	9407	313
0	16689	7680	210
1	16689	7680	210
16689	1	9842	210
2	16689	7680	210
16689	2	9842	210
3	16689	7680	210
16689	3	9842	210
4	16689	7680	210
16689	4	9842	210
5	16689	7680	210
16689	5	9842	210
6	16689	7680	210
16689	6	9842	210
7	16689	7680	210
16689	7	9842	210
8	16689	7680	210
16689	8	9842	210
9	16689	7680	210
16689	9	9842	210
16689	10	9842	210
17841	16689	2900	108
16689	17841	52	108
17972	16689	6477	185
16689	17972	4686	185
19125	16689	10647	274
16689	19125	8110	274
19130	16689	10430	269
16689	19130	11435	269
18619	16689	8668	232
16689	18619	6136	232
18235	16689	8306	224
16689	18235	6365	224
17853	16689	3595	123
16689	17853	5046	123
17985	16689	7214	200
16689	17985	6714	200
19010	16689	9704	254
16689	19010	9880	254
19012	16689	10698	275
16689	19012	9913	275
17220	16689	-749	30
16689	17220	1412	30
17349	16689	4029	132
16689	17349	2674	132
19143	16689	10196	264
16689	19143	7549	264
18504	16689	10677	275
16689	18504	11647	275
18505	16689	10804	277
16689	18505	12392	277
17352	16689	4661	146
16689	17352	6822	146
19023	16689	9968	259
16689	19023	9068	259
18512	16689	10942	280
16689	18512	12218	280
17363	16689	4311	138
16689	17363	2588	138
17112	16689	3540	122
16689	17112	2418	122
19422	16689	10243	265
16689	19422	12404	265
18403	16689	11275	287
16689	18403	12746	287
19428	16689	9888	258
16689	19428	10033	258
17509	16689	6890	193
16689	17509	6611	193
17772	16689	6044	175
16689	17772	5853	175
19053	16689	11300	288
16689	19053	13462	288
17007	16689	2530	100
16689	17007	1023	100
17522	16689	6368	182
16689	17522	6566	182
18421	16689	12060	304
16689	18421	13922	304
18425	16689	12907	322
16689	18425	11637	322
18938	16689	11218	286
16689	18938	8164	286
0	17841	3516	182
1	17841	3516	182
17841	1	8525	182
2	17841	3516	182
17841	2	8525	182
3	17841	3516	182
17841	3	8525	182
4	17841	3516	182
17841	4	8525	182
5	17841	3516	182
17841	5	8525	182
6	17841	3516	182
17841	6	8525	182
7	17841	3516	182
17841	7	8525	182
8	17841	3516	182
17841	8	8525	182
9	17841	3516	182
17841	9	8525	182
17841	10	8525	182
17972	17841	117	109
17841	17972	1174	109
19125	17841	6088	237
17841	19125	6399	237
19130	17841	6071	237
17841	19130	9925	237
18619	17841	1013	129
17841	18619	1329	129
18235	17841	1770	145
17841	18235	2678	145
17853	17841	-3481	32
17841	17853	818	32
17985	17841	151	110
17841	17985	2500	110
19010	17841	5539	226
17841	19010	8564	226
19012	17841	5873	233
17841	19012	7937	233
17220	17841	-1359	78
17841	17220	3649	78
17349	17841	1073	130
17841	17349	2565	130
19143	17841	6180	239
17841	19143	6381	239
18504	17841	3263	177
17841	18504	7081	177
18505	17841	3390	180
17841	18505	7826	180
17352	17841	1561	140
17841	17352	6571	140
19023	17841	5978	235
17841	19023	7926	235
18512	17841	3528	182
17841	18512	7652	182
17363	17841	1211	133
17841	17363	2337	133
17112	17841	-1588	73
17841	17112	136	73
19422	17841	5045	215
17841	19422	10054	215
18403	17841	3861	190
17841	18403	8180	190
19428	17841	5451	224
17841	19428	8444	224
17509	17841	2725	165
17841	17509	5295	165
17772	17841	-1609	72
17841	17772	1047	72
19053	17841	6015	236
17841	19053	11025	236
17007	17841	-1857	67
17841	17007	-516	67
17522	17841	1848	146
17841	17522	4894	146
18421	17841	4646	206
17841	18421	9356	206
18425	17841	5708	229
17841	18425	7286	229
18938	17841	5462	224
17841	18938	5256	224
0	17972	835	102
1	17972	835	102
17972	1	4788	102
2	17972	835	102
17972	2	4788	102
3	17972	835	102
17972	3	4788	102
4	17972	835	102
17972	4	4788	102
5	17972	835	102
17972	5	4788	102
6	17972	835	102
17972	6	4788	102
7	17972	835	102
17972	7	4788	102
8	17972	835	102
17972	8	4788	102
9	17972	835	102
17972	9	4788	102
17972	10	4788	102
19125	17972	2018	127
17972	19125	1272	127
19130	17972	2002	127
17972	19130	4798	127
18619	17972	1001	106
17972	18619	261	106
18235	17972	-1522	52
17972	18235	-1671	52
17853	17972	-354	77
17972	17853	2888	77
17985	17972	-2381	33
17972	17985	-1090	33
19010	17972	1766	122
17972	19010	3734	122
19012	17972	1804	123
17972	19012	2810	123
17220	17972	3274	154
17972	17220	7226	154
17349	17972	2543	139
17972	17349	2979	139
19143	17972	2110	129
17972	19143	1255	129
18504	17972	1571	118
17972	18504	4332	118
18505	17972	1698	121
17972	18505	5077	121
17352	17972	1840	124
17972	17352	5793	124
19023	17972	2303	134
17972	19023	3195	134
18512	17972	1836	124
17972	18512	4903	124
17363	17972	2190	131
17972	17363	2258	131
17112	17972	292	90
17972	17112	961	90
19422	17972	975	105
17972	19422	4927	105
18403	17972	2308	134
17972	18403	5570	134
19428	17972	1381	114
17972	19428	3317	114
17509	17972	824	102
17972	17509	2336	102
17772	17972	581	97
17972	17772	2182	97
19053	17972	1946	126
17972	19053	5898	126
17007	17972	2170	131
17972	17007	2454	131
17522	17972	-801	67
17972	17522	1187	67
18421	17972	3093	150
17972	18421	6746	150
18425	17972	3078	150
17972	18425	3599	150
18938	17972	1392	114
17972	18938	129	114
0	19125	-1677	64
1	19125	-1677	64
19125	1	3021	64
2	19125	-1677	64
19125	2	3021	64
3	19125	-1677	64
19125	3	3021	64
4	19125	-1677	64
19125	4	3021	64
5	19125	-1677	64
19125	5	3021	64
6	19125	-1677	64
19125	6	3021	64
7	19125	-1677	64
19125	7	3021	64
8	19125	-1677	64
19125	8	3021	64
9	19125	-1677	64
19125	9	3021	64
19125	10	3021	64
19130	19125	-4481	4
19125	19130	-939	4
18619	19125	5717	223
19125	18619	5722	223
18235	19125	540	112
19125	18235	1136	112
17853	19125	4871	205
19125	17853	8859	205
17985	19125	2333	150
19125	17985	4371	150
19010	19125	-3701	21
19125	19010	-988	21
19012	19125	-4173	11
19125	19012	-2421	11
17220	19125	7440	260
19125	17220	12139	260
17349	19125	1991	143
19125	17349	3172	143
19143	19125	-4247	9
19125	19143	-4356	9
18504	19125	3622	178
19125	18504	7130	178
18505	19125	3586	177
19125	18505	7711	177
17352	19125	1287	128
19125	17352	5986	128
19023	19125	-4014	14
19125	19023	-2376	14
18512	19125	3358	172
19125	18512	7171	172
17363	19125	1637	135
19125	17363	2452	135
17112	19125	3426	174
19125	17112	4840	174
19422	19125	-3391	28
19125	19422	1306	28
18403	19125	3753	181
19125	18403	7760	181
19428	19125	-3615	23
19125	19428	-932	23
17509	19125	-665	86
19125	17509	1592	86
17772	19125	5637	221
19125	17772	7983	221
19053	19125	-3601	23
19125	19053	1097	23
17007	19125	3895	184
19125	17007	4925	184
17522	19125	745	116
19125	17522	3480	116
18421	19125	4566	198
19125	18421	8965	198
18425	19125	3773	181
19125	18425	5040	181
18938	19125	-2463	47
19125	18938	-2980	47
0	19130	1647	60
1	19130	1647	60
19130	1	2804	60
2	19130	1647	60
19130	2	2804	60
3	19130	1647	60
19130	3	2804	60
4	19130	1647	60
19130	4	2804	60
5	19130	1647	60
19130	5	2804	60
6	19130	1647	60
19130	6	2804	60
7	19130	1647	60
19130	7	2804	60
8	19130	1647	60
19130	8	2804	60
9	19130	1647	60
19130	9	2804	60
19130	10	2804	60
18619	19130	9243	222
19130	18619	5706	222
18235	19130	4066	111
19130	18235	1120	111
17853	19130	8397	204
19130	17853	8843	204
17985	19130	5859	150
19130	17985	4355	150
19010	19130	-376	16
19130	19010	-1205	16
19012	19130	-558	12
19130	19012	-2348	12
17220	19130	10765	255
19130	17220	11922	255
17349	19130	5316	138
19130	17349	2955	138
19143	19130	-921	5
19130	19143	-4573	5
18504	19130	7233	179
19130	18504	7198	179
18505	19130	7197	179
19130	18505	7780	179
17352	19130	4612	123
19130	17352	5769	123
19023	19130	-688	10
19130	19023	-2593	10
18512	19130	6969	174
19130	18512	7239	174
17363	19130	4962	131
19130	17363	2235	131
17112	19130	6952	173
19130	17112	4824	173
19422	19130	116	27
19130	19422	1272	27
18403	19130	7363	182
19130	18403	7829	182
19428	19130	-289	18
19130	19428	-1149	18
17509	19130	2659	81
19130	17509	1375	81
17772	19130	9163	221
19130	17772	7967	221
19053	19130	142	27
19130	19053	1299	27
17007	19130	7221	179
19130	17007	4708	179
17522	19130	4071	112
19130	17522	3263	112
18421	19130	8177	200
19130	18421	9034	200
18425	19130	7384	183
19130	18425	5108	183
18938	19130	1147	49
19130	18938	-2912	49
0	18619	4885	205
1	18619	4885	205
18619	1	9578	205
2	18619	4885	205
18619	2	9578	205
3	18619	4885	205
18619	3	9578	205
4	18619	4885	205
18619	4	9578	205
5	18619	4885	205
18619	5	9578	205
6	18619	4885	205
18619	6	9578	205
7	18619	4885	205
18619	7	9578	205
8	18619	4885	205
18619	8	9578	205
9	18619	4885	205
18619	9	9578	205
18619	10	9578	205
18235	18619	774	117
18619	18235	1366	117
17853	18619	510	111
18619	17853	4494	111
17985	18619	-1309	72
18619	17985	722	72
19010	18619	5471	217
18619	19010	8179	217
19012	18619	5508	218
18619	19012	7255	218
17220	18619	4723	201
18619	17220	9417	201
17349	18619	6667	243
18619	17349	7843	243
19143	18619	5814	225
18619	19143	5700	225
18504	18619	293	106
18619	18504	3795	106
18505	18619	420	109
18619	18505	4540	109
17352	18619	5963	228
18619	17352	10657	228
19023	18619	6030	229
18619	19023	7663	229
18512	18619	558	112
18619	18512	4366	112
17363	18619	6313	235
18619	17363	7123	235
17112	18619	3018	165
18619	17112	4427	165
19422	18619	4679	200
18619	19422	9373	200
18403	18619	844	118
18619	18403	4846	118
19428	18619	5085	209
18619	19428	7762	209
17509	18619	4948	206
18619	17509	7201	206
17772	18619	-2069	56
18619	17772	271	56
19053	18619	5637	221
18619	19053	10331	221
17007	18619	3751	180
18619	17007	4776	180
17522	18619	3322	171
18619	17522	6051	171
18421	18619	1628	135
18619	18421	6022	135
18425	18619	3000	164
18619	18425	4261	164
18938	18619	4836	204
18619	18938	4314	204
0	18235	1365	117
1	18235	1365	117
18235	1	5467	117
2	18235	1365	117
18235	2	5467	117
3	18235	1365	117
18235	3	5467	117
4	18235	1365	117
18235	4	5467	117
5	18235	1365	117
18235	5	5467	117
6	18235	1365	117
18235	6	5467	117
7	18235	1365	117
18235	7	5467	117
8	18235	1365	117
18235	8	5467	117
9	18235	1365	117
18235	9	5467	117
18235	10	5467	117
17853	18235	1325	116
18235	17853	4717	116
17985	18235	-1902	47
18235	17985	-461	47
19010	18235	885	106
18235	19010	3002	106
19012	18235	922	107
18235	19012	2078	107
17220	18235	4953	194
18235	17220	9055	194
17349	18235	4132	176
18235	17349	4717	176
19143	18235	1229	114
18235	19143	522	114
18504	18235	-16	87
18235	18504	2894	87
18505	18235	110	90
18235	18505	3639	90
17352	18235	3429	161
18235	17352	7531	161
19023	18235	1444	118
18235	19023	2485	118
18512	18235	248	93
18235	18512	3464	93
17363	18235	3779	168
18235	17363	3996	168
17112	18235	1971	130
18235	17112	2789	130
19422	18235	93	89
18235	19422	4195	89
18403	18235	721	103
18235	18403	4131	103
19428	18235	499	98
18235	19428	2585	98
17509	18235	2393	139
18235	17509	4054	139
17772	18235	1286	115
18235	17772	3036	115
19053	18235	1052	110
18235	19053	5154	110
17007	18235	3850	170
18235	17007	4283	170
17522	18235	779	104
18235	17522	2917	104
18421	18235	1505	120
18235	18421	5308	120
18425	18235	1491	119
18235	18425	2161	119
18938	18235	251	93
18235	18938	-862	93
0	17853	7139	168
1	17853	7139	168
17853	1	7849	168
2	17853	7139	168
17853	2	7849	168
3	17853	7139	168
17853	3	7849	168
4	17853	7139	168
17853	4	7849	168
5	17853	7139	168
17853	5	7849	168
6	17853	7139	168
17853	6	7849	168
7	17853	7139	168
17853	7	7849	168
8	17853	7139	168
17853	8	7849	168
9	17853	7139	168
17853	9	7849	168
17853	10	7849	168
17985	17853	3260	85
17853	17985	1309	85
19010	17853	8404	195
17853	19010	7129	195
19012	17853	8645	200
17853	19012	6409	200
17220	17853	3634	93
17853	17220	4344	93
17349	17853	5461	132
17853	17349	2654	132
19143	17853	8952	207
17853	19143	4853	207
18504	17853	6372	151
17853	18504	5891	151
18505	17853	6499	154
17853	18505	6635	154
17352	17853	5950	142
17853	17352	6660	142
19023	17853	8842	204
17853	19023	6491	204
18512	17853	6637	157
17853	18512	6461	157
17363	17853	5600	135
17853	17363	2426	135
17112	17853	2198	62
17853	17112	-375	62
19422	17853	7816	182
17853	19422	8526	182
18403	17853	6970	164
17853	18403	6989	164
19428	17853	8222	191
17853	19428	6916	191
17509	17853	6349	151
17853	17509	4618	151
17772	17853	1870	55
17853	17772	228	55
19053	17853	8787	203
17853	19053	9497	203
17007	17853	2530	69
17853	17007	-427	69
17522	17853	4723	116
17853	17522	3469	116
18421	17853	7755	181
17853	18421	8165	181
18425	17853	8817	204
17853	18425	6095	204
18938	17853	8233	191
17853	18938	3728	191
0	17985	3534	132
1	17985	3534	132
17985	1	6194	132
2	17985	3534	132
17985	2	6194	132
3	17985	3534	132
17985	3	6194	132
4	17985	3534	132
17985	4	6194	132
5	17985	3534	132
17985	5	6194	132
6	17985	3534	132
17985	6	6194	132
7	17985	3534	132
17985	7	6194	132
8	17985	3534	132
17985	8	6194	132
9	17985	3534	132
17985	9	6194	132
17985	10	6194	132
19010	17985	4119	145
17985	19010	4795	145
19012	17985	4157	146
17985	19012	3871	146
17220	17985	5302	170
17985	17220	7963	170
17349	17985	5316	170
17985	17349	4459	170
19143	17985	4463	152
17985	19143	2316	152
18504	17985	1632	91
17985	18504	3101	91
18505	17985	1758	94
17985	18505	3846	94
17352	17985	4612	155
17985	17352	7273	155
19023	17985	4679	157
17985	19023	4279	157
18512	17985	1896	97
17985	18512	3671	97
17363	17985	4962	163
17985	17363	3739	163
17112	17985	2495	110
17985	17112	1872	110
19422	17985	3328	128
17985	19422	5989	128
18403	17985	2369	107
17985	18403	4339	107
19428	17985	3734	137
17985	19428	4379	137
17509	17985	3597	134
17985	17509	3817	134
17772	17985	643	70
17985	17772	951	70
19053	17985	4286	148
17985	19053	6947	148
17007	17985	4199	147
17985	17007	3191	147
17522	17985	1970	99
17985	17522	2668	99
18421	17985	3153	124
17985	18421	5515	124
18425	17985	3139	124
17985	18425	2368	124
18938	17985	3485	131
17985	18938	930	131
0	19010	39	43
1	19010	39	43
19010	1	2024	43
2	19010	39	43
19010	2	2024	43
3	19010	39	43
19010	3	2024	43
4	19010	39	43
19010	4	2024	43
5	19010	39	43
19010	5	2024	43
6	19010	39	43
19010	6	2024	43
7	19010	39	43
19010	7	2024	43
8	19010	39	43
19010	8	2024	43
9	19010	39	43
19010	9	2024	43
19010	10	2024	43
19012	19010	-991	21
19010	19012	-1952	21
17220	19010	9157	238
19010	17220	11142	238
17349	19010	4006	128
19010	17349	2474	128
19143	19010	-1342	13
19010	19143	-4165	13
18504	19010	6264	176
19010	18504	7058	176
18505	19010	6228	176
19010	18505	7640	176
17352	19010	3303	113
19010	17352	5288	113
19023	19010	-1262	15
19010	19023	-2337	15
18512	19010	6000	171
19010	18512	7099	171
17363	19010	3653	120
19010	17363	1754	120
17112	19010	5476	159
19010	17112	4178	159
19422	19010	-1193	16
19010	19422	791	16
18403	19010	6395	179
19010	18403	7689	179
19428	19010	-1599	8
19010	19428	-1630	8
17509	19010	1066	65
19010	17509	611	65
17772	19010	8099	216
19010	17772	7732	216
19053	19010	-270	36
19010	19053	1714	36
17007	19010	5612	162
19010	17007	3928	162
17522	19010	2462	95
19010	17522	2483	95
18421	19010	7208	197
19010	18421	8894	197
18425	19010	6415	180
19010	18425	4968	180
18938	19010	476	52
19010	18938	-2753	52
0	19012	71	64
1	19012	71	64
19012	1	3018	64
2	19012	71	64
19012	2	3018	64
3	19012	71	64
19012	3	3018	64
4	19012	71	64
19012	4	3018	64
5	19012	71	64
19012	5	3018	64
6	19012	71	64
19012	6	3018	64
7	19012	71	64
19012	7	3018	64
8	19012	71	64
19012	8	3018	64
9	19012	71	64
19012	9	3018	64
19012	10	3018	64
17220	19012	9190	260
19012	17220	12136	260
17349	19012	4039	149
19012	17349	3468	149
19143	19012	-2114	17
19012	19143	-3976	17
18504	19012	5160	173
19012	18504	6915	173
18505	19012	5124	172
19012	18505	7497	172
17352	19012	3336	134
19012	17352	6282	134
19023	19012	-1881	22
19012	19023	-1995	22
18512	19012	4896	168
19012	18512	6956	168
17363	19012	3686	142
19012	17363	2748	142
17112	19012	4964	169
19012	17112	4626	169
19422	19012	-1853	23
19012	19422	1092	23
18403	19012	5291	176
19012	18403	7546	176
19428	19012	-2056	19
19012	19428	-1126	19
17509	19012	1099	86
19012	17509	1605	86
17772	19012	7175	216
19012	17772	7769	216
19053	19012	-2226	15
19012	19053	720	15
17007	19012	5645	184
19012	17007	4922	184
17522	19012	2495	116
19012	17522	3477	116
18421	19012	6104	193
19012	18421	8751	193
18425	19012	5311	176
19012	18425	4826	176
18938	19012	-925	43
19012	18938	-3194	43
0	17220	9118	195
1	17220	9118	195
17220	1	9118	195
2	17220	9118	195
17220	2	9118	195
3	17220	9118	195
17220	3	9118	195
4	17220	9118	195
17220	4	9118	195
5	17220	9118	195
17220	5	9118	195
6	17220	9118	195
17220	6	9118	195
7	17220	9118	195
17220	7	9118	195
8	17220	9118	195
17220	8	9118	195
9	17220	9118	195
17220	9	9118	195
17220	10	9118	195
17349	17220	5674	121
17220	17349	2156	121
19143	17220	11785	252
17220	19143	6976	252
18504	17220	11426	244
17220	18504	10235	244
18505	17220	11553	247
17220	18505	10979	247
17352	17220	6305	135
17220	17352	6305	135
19023	17220	11580	248
17220	19023	8519	248
18512	17220	11691	250
17220	18512	10805	250
17363	17220	5955	127
17220	17363	2071	127
17112	17220	4289	91
17220	17112	1005	91
19422	17220	11371	243
17220	19422	11371	243
18403	17220	12024	257
17220	18403	11333	257
19428	17220	11326	242
17220	19428	9310	242
17509	17220	8328	178
17220	17509	5887	178
17772	17220	6793	145
17220	17772	4440	145
19053	17220	12342	264
17220	19053	12342	264
17007	17220	3544	75
17220	17007	-124	75
17522	17220	7726	165
17220	17522	5762	165
18421	17220	12809	274
17220	18421	12509	274
18425	17220	13656	292
17220	18425	10224	292
18938	17220	11967	256
17220	18938	6751	256
0	17349	451	85
1	17349	451	85
17349	1	3968	85
2	17349	451	85
17349	2	3968	85
3	17349	451	85
17349	3	3968	85
4	17349	451	85
17349	4	3968	85
5	17349	451	85
17349	5	3968	85
6	17349	451	85
17349	6	3968	85
7	17349	451	85
17349	7	3968	85
8	17349	451	85
17349	8	3968	85
9	17349	451	85
17349	9	3968	85
17349	10	3968	85
19143	17349	2721	133
17349	19143	1430	133
18504	17349	8079	248
17349	18504	10405	248
18505	17349	8206	251
17349	18505	11150	251
17352	17349	-2813	15
17349	17352	703	15
19023	17349	2492	128
17349	19023	2949	128
18512	17349	8344	254
17349	18512	10975	254
17363	17349	-3163	7
17349	17363	-3530	7
17112	17349	1041	97
17349	17112	1275	97
19422	17349	3013	139
17349	19422	6530	139
18403	17349	8816	264
17349	18403	11642	264
19428	17349	2658	132
17349	19428	4159	132
17509	17349	-339	68
17349	17509	737	68
17772	17349	5235	187
17349	17772	6400	187
19053	17349	4071	162
17349	19053	7588	162
17007	17349	-586	62
17349	17007	-738	62
17522	17349	-164	71
17349	17522	1389	71
18421	17349	9601	281
17349	18421	12819	281
18425	17349	8843	264
17349	18425	8928	264
18938	17349	4419	170
17349	18938	2720	170
0	19143	-2141	57
1	19143	-2141	57
19143	1	2667	57
2	19143	-2141	57
19143	2	2667	57
3	19143	-2141	57
19143	3	2667	57
4	19143	-2141	57
19143	4	2667	57
5	19143	-2141	57
19143	5	2667	57
6	19143	-2141	57
19143	6	2667	57
7	19143	-2141	57
19143	7	2667	57
8	19143	-2141	57
19143	8	2667	57
9	19143	-2141	57
19143	9	2667	57
19143	10	2667	57
18504	19143	3785	184
19143	18504	7402	184
18505	19143	3749	183
19143	18505	7983	183
17352	19143	726	118
19143	17352	5534	118
19023	19143	-4575	4
19143	19023	-2827	4
18512	19143	3520	178
19143	18512	7443	178
17363	19143	1076	126
19143	17363	2000	126
17112	19143	3296	173
19143	17112	4820	173
19422	19143	-3672	24
19143	19422	1135	24
18403	19143	3915	186
19143	18403	8033	186
19428	19143	-4078	15
19143	19428	-1286	15
17509	19143	-1227	76
19143	17509	1140	76
17772	19143	5620	223
19143	17772	8076	223
19053	19143	-3274	32
19143	19053	1533	32
17007	19143	3432	176
19143	17007	4571	176
17522	19143	282	109
19143	17522	3126	109
18421	19143	4729	204
19143	18421	9237	204
18425	19143	3936	187
19143	18425	5312	187
18938	19143	-2286	54
19143	18938	-2694	54
0	18504	7834	193
1	18504	7834	193
18504	1	9025	193
2	18504	7834	193
18504	2	9025	193
3	18504	7834	193
18504	3	9025	193
4	18504	7834	193
18504	4	9025	193
5	18504	7834	193
18504	5	9025	193
6	18504	7834	193
18504	6	9025	193
7	18504	7834	193
18504	7	9025	193
8	18504	7834	193
18504	8	9025	193
9	18504	7834	193
18504	9	9025	193
18504	10	9025	193
18505	18504	-1064	2
18504	18505	-446	2
17352	18504	9701	233
18504	17352	10893	233
19023	18504	7617	188
18504	19023	5748	188
18512	18504	-926	5
18504	18512	-621	5
17363	18504	10051	240
18504	17363	7359	240
17112	18504	7831	193
18504	17112	5739	193
19422	18504	6266	159
18504	19422	7458	159
18403	18504	-454	15
18504	18403	46	15
19428	18504	6672	168
18504	19428	5848	168
17509	18504	8686	211
18504	17509	7437	211
17772	18504	3969	110
18504	17772	2808	110
19053	18504	6416	163
18504	19053	7607	163
17007	18504	9132	221
18504	17007	6654	221
17522	18504	7060	176
18504	17522	6287	176
18421	18504	330	32
18504	18421	1222	32
18425	18504	1701	61
18504	18425	-538	61
18938	18504	5302	139
18504	18938	1278	139
0	18505	8415	192
1	18505	8415	192
18505	1	8989	192
2	18505	8415	192
18505	2	8989	192
3	18505	8415	192
18505	3	8989	192
4	18505	8415	192
18505	4	8989	192
5	18505	8415	192
18505	5	8989	192
6	18505	8415	192
18505	6	8989	192
7	18505	8415	192
18505	7	8989	192
8	18505	8415	192
18505	8	8989	192
9	18505	8415	192
18505	9	8989	192
18505	10	8989	192
17352	18505	10446	236
18505	17352	11020	236
19023	18505	8199	187
18505	19023	5712	187
18512	18505	-345	4
18505	18512	-657	4
17363	18505	10796	243
18505	17363	7485	243
17112	18505	8576	196
18505	17112	5865	196
19422	18505	6848	159
18505	19422	7422	159
18403	18505	127	15
18505	18403	9	15
19428	18505	7254	167
18505	19428	5811	167
17509	18505	9430	214
18505	17509	7563	214
17772	18505	4714	113
18505	17772	2935	113
19053	18505	6997	162
18505	19053	7571	162
17007	18505	9876	223
18505	17007	6781	223
17522	18505	7804	179
18505	17522	6414	179
18421	18505	911	31
18505	18421	1185	31
18425	18505	2283	61
18505	18425	-575	61
18938	18505	5883	138
18505	18938	1241	138
0	17352	3264	69
1	17352	3264	69
17352	1	3264	69
2	17352	3264	69
17352	2	3264	69
3	17352	3264	69
17352	3	3264	69
4	17352	3264	69
17352	4	3264	69
5	17352	3264	69
17352	5	3264	69
6	17352	3264	69
17352	6	3264	69
7	17352	3264	69
17352	7	3264	69
8	17352	3264	69
17352	8	3264	69
9	17352	3264	69
17352	9	3264	69
17352	10	3264	69
19023	17352	5306	113
17352	19023	2245	113
18512	17352	11157	239
17352	18512	10272	239
17363	17352	350	7
17352	17363	-3534	7
17112	17352	5047	108
17352	17112	1763	108
19422	17352	5827	124
17352	19422	5827	124
18403	17352	11630	249
17352	18403	10939	249
19428	17352	5472	117
17352	19428	3456	117
17509	17352	2474	53
17352	17509	33	53
17772	17352	9241	198
17352	17772	6888	198
19053	17352	6885	147
17352	19053	6885	147
17007	17352	3419	73
17352	17007	-249	73
17522	17352	2649	56
17352	17522	685	56
18421	17352	12415	266
17352	18421	12115	266
18425	17352	11657	249
17352	18425	8225	249
18938	17352	7233	154
17352	18938	2017	154
0	19023	-598	52
1	19023	-598	52
19023	1	2462	52
2	19023	-598	52
19023	2	2462	52
3	19023	-598	52
19023	3	2462	52
4	19023	-598	52
19023	4	2462	52
5	19023	-598	52
19023	5	2462	52
6	19023	-598	52
19023	6	2462	52
7	19023	-598	52
19023	7	2462	52
8	19023	-598	52
19023	8	2462	52
9	19023	-598	52
19023	9	2462	52
19023	10	2462	52
18512	19023	5483	183
19023	18512	7659	183
17363	19023	2595	121
19023	17363	1772	121
17112	19023	4839	169
19023	17112	4616	169
19422	19023	-1709	28
19023	19422	1351	28
18403	19023	5878	191
19023	18403	8248	191
19428	19023	-2115	20
19023	19428	-1071	20
17509	19023	292	71
19023	17509	912	71
17772	19023	7583	228
19023	17772	8291	228
19053	19023	-1294	37
19023	19053	1766	37
17007	19023	4975	172
19023	17007	4367	172
17522	19023	1825	104
19023	17522	2922	104
18421	19023	6692	208
19023	18421	9453	208
18425	19023	5899	192
19023	18425	5528	192
18938	19023	-323	58
19023	18938	-2478	58
0	18512	7875	187
1	18512	7875	187
18512	1	8761	187
2	18512	7875	187
18512	2	8761	187
3	18512	7875	187
18512	3	8761	187
4	18512	7875	187
18512	4	8761	187
5	18512	7875	187
18512	5	8761	187
6	18512	7875	187
18512	6	8761	187
7	18512	7875	187
18512	7	8761	187
8	18512	7875	187
18512	8	8761	187
9	18512	7875	187
18512	9	8761	187
18512	10	8761	187
17363	18512	10622	246
18512	17363	7623	246
17112	18512	8401	199
18512	17112	6003	199
19422	18512	6308	154
18512	19422	7193	154
18403	18512	-413	10
18512	18403	-218	10
19428	18512	6714	162
18512	19428	5583	162
17509	18512	8902	209
18512	17509	7348	209
17772	18512	4539	116
18512	17772	3073	116
19053	18512	6457	157
18512	19053	7342	157
17007	18512	9702	226
18512	17007	6919	226
17522	18512	7630	182
18512	17522	6552	182
18421	18512	371	26
18512	18421	957	26
18425	18512	1742	56
18512	18425	-803	56
18938	18512	5343	133
18512	18938	1013	133
0	17363	-269	77
1	17363	-269	77
17363	1	3614	77
2	17363	-269	77
17363	2	3614	77
3	17363	-269	77
17363	3	3614	77
4	17363	-269	77
17363	4	3614	77
5	17363	-269	77
17363	5	3614	77
6	17363	-269	77
17363	6	3614	77
7	17363	-269	77
17363	7	3614	77
8	17363	-269	77
17363	8	3614	77
9	17363	-269	77
17363	9	3614	77
17363	10	3614	77
17112	17363	813	100
17363	17112	1413	100
19422	17363	2293	132
17363	19422	6177	132
18403	17363	8096	256
17363	18403	11289	256
19428	17363	1938	124
17363	19428	3806	124
17509	17363	-1059	60
17363	17509	383	60
17772	17363	5007	190
17363	17772	6538	190
19053	17363	3350	155
17363	19053	7235	155
17007	17363	-814	65
17363	17007	-599	65
17522	17363	-884	64
17363	17522	1035	64
18421	17363	8880	273
17363	18421	12465	273
18425	17363	8122	257
17363	18425	8575	257
18938	17363	3698	162
17363	18938	2367	162
0	17112	2338	120
1	17112	2338	120
17112	1	5622	120
2	17112	2338	120
17112	2	5622	120
3	17112	2338	120
17112	3	5622	120
4	17112	2338	120
17112	4	5622	120
5	17112	2338	120
17112	5	5622	120
6	17112	2338	120
17112	6	5622	120
7	17112	2338	120
17112	7	5622	120
8	17112	2338	120
17112	8	5622	120
9	17112	2338	120
17112	9	5622	120
17112	10	5622	120
19422	17112	3797	151
17112	19422	7081	151
18403	17112	6336	206
17112	18403	8929	206
19428	17112	4203	160
17112	19428	5471	160
17509	17112	1548	103
17112	17509	2391	103
17772	17112	1804	109
17112	17772	2735	109
19053	17112	4768	172
17112	19053	8052	172
17007	17112	-97	68
17112	17007	-482	68
17522	17112	496	81
17112	17522	1816	81
18421	17112	7121	222
17112	18421	10105	222
18425	17112	7391	228
17112	18425	7243	228
18938	17112	4393	164
17112	18938	2461	164
0	19422	2563	54
1	19422	2563	54
19422	1	2563	54
2	19422	2563	54
19422	2	2563	54
3	19422	2563	54
19422	3	2563	54
4	19422	2563	54
19422	4	2563	54
5	19422	2563	54
19422	5	2563	54
6	19422	2563	54
19422	6	2563	54
7	19422	2563	54
19422	7	2563	54
8	19422	2563	54
19422	8	2563	54
9	19422	2563	54
19422	9	2563	54
19422	10	2563	54
18403	19422	7588	162
19422	18403	6897	162
19428	19422	406	8
19422	19428	-1610	8
17509	19422	3590	76
19422	17509	1150	76
17772	19422	9293	199
19422	17772	6940	199
19053	19422	1321	28
19422	19053	1321	28
17007	19422	8136	174
19422	17007	4467	174
17522	19422	4780	102
19422	17522	2816	102
18421	19422	8402	180
19422	18421	8102	180
18425	19422	7609	163
19422	18425	4177	163
18938	19422	1696	36
19422	18938	-3518	36
0	18403	8464	196
1	18403	8464	196
18403	1	9155	196
2	18403	8464	196
18403	2	9155	196
3	18403	8464	196
18403	3	9155	196
4	18403	8464	196
18403	4	9155	196
5	18403	8464	196
18403	5	9155	196
6	18403	8464	196
18403	6	9155	196
7	18403	8464	196
18403	7	9155	196
8	18403	8464	196
18403	8	9155	196
9	18403	8464	196
18403	9	9155	196
18403	10	9155	196
19428	18403	7303	171
18403	19428	5978	171
17509	18403	9492	218
18403	17509	7742	218
17772	18403	5067	123
18403	17772	3406	123
19053	18403	7046	165
18403	19053	7737	165
17007	18403	10230	234
18403	17007	7252	234
17522	18403	8296	192
18403	17522	7023	192
18421	18403	122	17
18403	18421	513	17
18425	18403	1679	50
18403	18425	-1061	50
18938	18403	5933	141
18403	18938	1408	141
0	19428	192	47
1	19428	192	47
19428	1	2208	47
2	19428	192	47
19428	2	2208	47
3	19428	192	47
19428	3	2208	47
4	19428	192	47
19428	4	2208	47
5	19428	192	47
19428	5	2208	47
6	19428	192	47
19428	6	2208	47
7	19428	192	47
19428	7	2208	47
8	19428	192	47
19428	8	2208	47
9	19428	192	47
19428	9	2208	47
19428	10	2208	47
17509	19428	1219	69
19428	17509	795	69
17772	19428	7683	207
19428	17772	7346	207
19053	19428	-603	30
19428	19053	1412	30
17007	19428	5765	166
19428	17007	4112	166
17522	19428	2615	99
19428	17522	2668	99
18421	19428	6791	188
19428	18421	8508	188
18425	19428	5998	171
19428	18425	4583	171
18938	19428	60	44
19428	18938	-3139	44
0	17509	-1412	22
1	17509	-1412	22
17509	1	1028	22
2	17509	-1412	22
17509	2	1028	22
3	17509	-1412	22
17509	3	1028	22
4	17509	-1412	22
17509	4	1028	22
5	17509	-1412	22
17509	5	1028	22
6	17509	-1412	22
17509	6	1028	22
7	17509	-1412	22
17509	7	1028	22
8	17509	-1412	22
17509	8	1028	22
9	17509	-1412	22
17509	9	1028	22
17509	10	1028	22
17772	17509	5797	176
17509	17772	5885	176
19053	17509	2208	99
17509	19053	4648	99
17007	17509	2343	102
17509	17007	1114	102
17522	17509	-806	35
17509	17522	-330	35
18421	17509	8556	235
17509	18421	10697	235
18425	17509	7763	218
17509	18425	6772	218
18938	17509	2555	107
17509	18938	-219	107
0	17772	6676	193
1	17772	6676	193
17772	1	9028	193
2	17772	6676	193
17772	2	9028	193
3	17772	6676	193
17772	3	9028	193
4	17772	6676	193
17772	4	9028	193
5	17772	6676	193
17772	5	9028	193
6	17772	6676	193
17772	6	9028	193
7	17772	6676	193
17772	7	9028	193
8	17772	6676	193
17772	8	9028	193
9	17772	6676	193
17772	9	9028	193
17772	10	9028	193
19053	17772	7898	219
17772	19053	10251	219
17007	17772	3469	124
17772	17007	2152	124
17522	17772	4259	141
17772	17522	4648	141
18421	17772	4191	140
17772	18421	6243	140
18425	17772	5562	169
17772	18425	4483	169
18938	17772	7098	202
17772	18938	4234	202
0	19053	3621	77
1	19053	3621	77
19053	1	3621	77
2	19053	3621	77
19053	2	3621	77
3	19053	3621	77
19053	3	3621	77
4	19053	3621	77
19053	4	3621	77
5	19053	3621	77
19053	5	3621	77
6	19053	3621	77
19053	6	3621	77
7	19053	3621	77
19053	7	3621	77
8	19053	3621	77
19053	8	3621	77
9	19053	3621	77
19053	9	3621	77
19053	10	3621	77
17007	19053	9194	197
19053	17007	5525	197
17522	19053	5751	123
19053	17522	3787	123
18421	19053	8551	183
19053	18421	8251	183
18425	19053	7758	166
19053	18425	4326	166
18938	19053	1357	29
19053	18938	-3857	29
0	17007	1905	119
1	17007	1905	119
17007	1	5574	119
2	17007	1905	119
17007	2	5574	119
3	17007	1905	119
17007	3	5574	119
4	17007	1905	119
17007	4	5574	119
5	17007	1905	119
17007	5	5574	119
6	17007	1905	119
17007	6	5574	119
7	17007	1905	119
17007	7	5574	119
8	17007	1905	119
17007	8	5574	119
9	17007	1905	119
17007	9	5574	119
17007	10	5574	119
17522	17007	593	91
17007	17522	2298	91
18421	17007	8037	250
17007	18421	11406	250
18425	17007	8884	268
17007	18425	9121	268
18938	17007	5873	204
17007	18938	4326	204
0	17522	460	51
1	17522	460	51
17522	1	2424	51
2	17522	460	51
17522	2	2424	51
3	17522	460	51
17522	3	2424	51
4	17522	460	51
17522	4	2424	51
5	17522	460	51
17522	5	2424	51
6	17522	460	51
17522	6	2424	51
7	17522	460	51
17522	7	2424	51
8	17522	460	51
17522	8	2424	51
9	17522	460	51
17522	9	2424	51
17522	10	2424	51
18421	17522	7809	209
17522	18421	9473	209
18425	17522	7043	193
17522	18425	5575	193
18938	17522	3412	115
17522	18938	160	115
0	18421	9669	213
1	18421	9669	213
18421	1	9969	213
2	18421	9669	213
18421	2	9969	213
3	18421	9669	213
18421	3	9969	213
4	18421	9669	213
18421	4	9969	213
5	18421	9669	213
18421	5	9969	213
6	18421	9669	213
18421	6	9969	213
7	18421	9669	213
18421	7	9969	213
8	18421	9669	213
18421	8	9969	213
9	18421	9669	213
18421	9	9969	213
18421	10	9969	213
18425	18421	2055	50
18421	18425	-1077	50
18938	18421	7137	159
18421	18938	2221	159
0	18425	5744	196
1	18425	5744	196
18425	1	9176	196
2	18425	5744	196
18425	2	9176	196
3	18425	5744	196
18425	3	9176	196
4	18425	5744	196
18425	4	9176	196
5	18425	5744	196
18425	5	9176	196
6	18425	5744	196
18425	6	9176	196
7	18425	5744	196
18425	7	9176	196
8	18425	5744	196
18425	8	9176	196
9	18425	5744	196
18425	9	9176	196
18425	10	9176	196
18938	18425	3212	142
18425	18938	1428	142
0	18938	-1246	85
1	18938	-1246	85
18938	1	3969	85
2	18938	-1246	85
18938	2	3969	85
3	18938	-1246	85
18938	3	3969	85
4	18938	-1246	85
18938	4	3969	85
5	18938	-1246	85
18938	5	3969	85
6	18938	-1246	85
18938	6	3969	85
7	18938	-1246	85
18938	7	3969	85
8	18938	-1246	85
18938	8	3969	85
9	18938	-1246	85
18938	9	3969	85
18938	10	3969	85
