Nodes
0	0	1	0	660
1	0	1	120	600
2	0	1	120	600
3	0	1	120	600
4	0	1	120	600
5	0	1	120	600
6	0	1	120	600
7	0	1	120	600
8	0	1	120	600
9	0	1	120	600
10	0	1	120	600
11	0	1	120	600
12	0	1	120	660
15104	17	0	360	540
16641	5	0	120	360
15237	12	0	360	540
15241	13	0	360	540
15628	13	0	120	360
15631	9	0	120	360
15120	8	0	360	540
15377	10	0	360	540
15122	5	0	360	540
16146	15	0	360	540
15764	5	0	120	360
15644	4	0	120	360
15901	11	0	120	360
16159	12	0	360	540
15905	11	0	120	360
15019	10	0	360	540
15661	19	0	120	360
16685	13	0	120	360
16301	9	0	360	540
15537	12	0	120	360
16689	7	0	120	360
15413	13	0	120	360
16057	11	0	360	540
15545	9	0	120	360
16316	6	0	360	540
16061	12	0	360	540
16063	11	0	360	540
15042	13	0	360	540
15428	7	0	120	360
15045	17	0	360	540
17220	10	0	120	360
16329	10	0	360	540
15946	12	0	120	360
15690	11	0	360	540
15436	8	0	120	360
15952	10	0	120	360
15060	13	0	360	540
15323	10	0	360	540
16351	8	0	360	540
15456	8	0	120	360
15201	10	0	360	540
15458	11	0	120	360
15076	7	0	360	540
15204	8	0	360	540
15462	20	0	120	360
16102	7	0	360	540
15209	8	0	360	540
15210	13	0	360	540
16364	7	0	360	540
16878	6	0	120	360
16627	8	0	120	360
15219	4	0	360	540
15732	6	0	120	360
16630	9	0	120	360
15479	18	0	120	360
15224	11	0	360	540
16249	7	0	120	360
16123	19	0	360	540
15742	12	0	120	360
Arcs
0	15104	-169	48
1	15104	-169	48
15104	1	2284	48
2	15104	-169	48
15104	2	2284	48
3	15104	-169	48
15104	3	2284	48
4	15104	-169	48
15104	4	2284	48
5	15104	-169	48
15104	5	2284	48
6	15104	-169	48
15104	6	2284	48
7	15104	-169	48
15104	7	2284	48
8	15104	-169	48
15104	8	2284	48
9	15104	-169	48
15104	9	2284	48
10	15104	-169	48
15104	10	2284	48
11	15104	-169	48
15104	11	2284	48
15104	12	2284	48
16641	15104	3079	118
15104	16641	5534	118
15237	15104	-1377	23
15104	15237	-435	23
15241	15104	-1425	22
15104	15241	578	22
15628	15104	339	59
15104	15628	-514	59
15631	15104	-1	52
15104	15631	1740	52
15120	15104	-2297	3
15104	15120	-1080	3
15377	15104	1319	80
15104	15377	1023	80
15122	15104	-2159	6
15104	15122	-592	6
16146	15104	3027	117
15104	16146	628	117
15764	15104	3034	117
15104	15764	2674	117
15644	15104	-1265	25
15104	15644	164	25
15901	15104	1678	88
15104	15901	412	88
16159	15104	2702	110
15104	16159	998	110
15905	15104	1741	89
15104	15905	3031	89
15019	15104	-377	44
15104	15019	133	44
15661	15104	313	59
15104	15661	-2208	59
16685	15104	6729	196
15104	16685	342	196
16301	15104	3271	122
15104	16301	5725	122
15537	15104	5094	161
15104	15537	1673	161
16689	15104	6662	195
15104	16689	9117	195
15413	15104	-3	52
15104	15413	551	52
16057	15104	2489	105
15104	16057	-155	105
15545	15104	3860	135
15104	15545	-269	135
16316	15104	4988	159
15104	16316	853	159
16061	15104	1680	88
15104	16061	-1560	88
16063	15104	-440	43
15104	16063	1423	43
15042	15104	-208	48
15104	15042	-526	48
15428	15104	279	58
15104	15428	2734	58
15045	15104	-1961	10
15104	15045	344	10
17220	15104	7750	218
15104	17220	7723	218
16329	15104	6402	189
15104	16329	5460	189
15946	15104	2611	108
15104	15946	1738	108
15690	15104	-3	52
15104	15690	385	52
15436	15104	1512	85
15104	15436	3630	85
15952	15104	2469	105
15104	15952	1453	105
15060	15104	-691	37
15104	15060	1748	37
15323	15104	285	58
15104	15323	465	58
16351	15104	5255	165
15104	16351	2376	165
15456	15104	844	70
15104	15456	970	70
15201	15104	-1956	10
15104	15201	-892	10
15458	15104	674	67
15104	15458	1969	67
15076	15104	-1236	26
15104	15076	-1183	26
15204	15104	-1569	18
15104	15204	-798	18
15462	15104	378	60
15104	15462	1401	60
16102	15104	2091	97
15104	16102	2760	97
15209	15104	-1822	13
15104	15209	632	13
15210	15104	-1825	13
15104	15210	-882	13
16364	15104	3565	128
15104	16364	5201	129
16878	15104	6175	184
15104	16878	8630	184
16627	15104	4131	141
15104	16627	1252	141
15219	15104	-1983	10
15104	15219	248	10
15732	15104	934	72
15104	15732	363	72
16630	15104	3073	118
15104	16630	1779	118
15479	15104	-925	32
15104	15479	-1566	32
15224	15104	-2012	9
15104	15224	-631	9
16249	15104	1422	83
15104	16249	131	83
16123	15104	567	64
15104	16123	-1160	64
15742	15104	2719	110
15104	15742	2901	110
0	16641	7387	158
1	16641	7387	158
16641	1	7387	158
2	16641	7387	158
16641	2	7387	158
3	16641	7387	158
16641	3	7387	158
4	16641	7387	158
16641	4	7387	158
5	16641	7387	158
16641	5	7387	158
6	16641	7387	158
16641	6	7387	158
7	16641	7387	158
16641	7	7387	158
8	16641	7387	158
16641	8	7387	158
9	16641	7387	158
16641	9	7387	158
10	16641	7387	158
16641	10	7387	158
11	16641	7387	158
16641	11	7387	158
16641	12	7387	158
15237	16641	6436	137
16641	15237	4923	137
15241	16641	6563	140
16641	15241	6112	140
15628	16641	4052	86
16641	15628	744	86
15631	16641	5033	107
16641	15631	4320	107
15120	16641	5691	121
16641	15120	4453	121
15377	16641	8702	186
16641	15377	5951	186
15122	16641	5693	121
16641	15122	4805	121
16146	16641	10578	226
16641	16146	5724	226
15764	16641	3691	79
16641	15764	877	79
15644	16641	5225	111
16641	15644	4200	111
15901	16641	1720	36
16641	15901	-2000	36
16159	16641	10252	219
16641	16159	6094	219
15905	16641	1860	39
16641	15905	695	39
15019	16641	7590	162
16641	15019	5646	162
15661	16641	3895	83
16641	15661	-1081	83
16685	16641	7469	160
16641	16685	-1371	160
16301	16641	7388	158
16641	16301	7388	158
15537	16641	5834	125
16641	15537	-41	125
16689	16641	7403	158
16641	16689	7403	158
15413	16641	6300	135
16641	15413	4401	135
16057	16641	8035	172
16641	16057	2936	172
15545	16641	4600	98
16641	15545	-1983	98
16316	16641	10281	220
16641	16316	3692	220
16061	16641	7226	154
16641	16061	1531	154
16063	16641	7373	157
16641	16063	6782	157
15042	16641	7698	164
16641	15042	4925	164
15428	16641	5314	113
16641	15428	5314	113
15045	16641	5854	125
16641	15045	5705	125
17220	16641	8491	181
16641	17220	6009	181
16329	16641	9169	196
16641	16329	5773	196
15946	16641	658	14
16641	15946	-2669	14
15690	16641	4193	89
16641	15690	2128	89
15436	16641	6576	140
16641	15436	6239	140
15952	16641	1178	25
16641	15952	-2291	25
15060	16641	7275	155
16641	15060	7261	155
15323	16641	8273	177
16641	15323	6000	177
16351	16641	8023	171
16641	16351	2689	171
15456	16641	5879	125
16641	15456	3550	125
15201	16641	5907	126
16641	15201	4518	126
15458	16641	6461	138
16641	15458	5302	138
15076	16641	6228	133
16641	15076	3826	133
15204	16641	6398	137
16641	15204	4713	137
15462	16641	4181	89
16641	15462	2749	89
16102	16641	9642	206
16641	16102	7856	206
15209	16641	6042	129
16641	15209	6042	129
15210	16641	6163	132
16641	15210	4651	132
16364	16641	6816	146
16641	16364	5998	146
16878	16641	6833	146
16641	16878	6833	146
16627	16641	1435	30
16641	16627	-3898	30
15219	16641	5983	128
16641	15219	5761	128
15732	16641	2997	64
16641	15732	-28	64
16630	16641	172	3
16641	16630	-3576	3
15479	16641	6158	131
16641	15479	3062	131
15224	16641	5875	125
16641	15224	4801	125
16249	16641	3485	74
16641	16249	-260	74
16123	16641	7730	165
16641	16123	3547	165
15742	16641	2670	57
16641	15742	397	57
0	15237	1389	62
1	15237	1389	62
15237	1	2902	62
2	15237	1389	62
15237	2	2902	62
3	15237	1389	62
15237	3	2902	62
4	15237	1389	62
15237	4	2902	62
5	15237	1389	62
15237	5	2902	62
6	15237	1389	62
15237	6	2902	62
7	15237	1389	62
15237	7	2902	62
8	15237	1389	62
15237	8	2902	62
9	15237	1389	62
15237	9	2902	62
10	15237	1389	62
15237	10	2902	62
11	15237	1389	62
15237	11	2902	62
15237	12	2902	62
15241	15237	-259	26
15237	15241	802	26
15628	15237	2358	82
15237	15628	562	82
15631	15237	2017	75
15237	15631	2817	75
15120	15237	-434	23
15237	15120	-160	23
15377	15237	2330	82
15237	15377	1092	82
15122	15237	-297	26
15237	15122	328	26
16146	15237	3284	102
15237	16146	-56	102
15764	15237	3563	108
15237	15764	2262	108
15644	15237	753	48
15237	15644	1241	48
15901	15237	3522	107
15237	15901	1314	107
16159	15237	2959	95
15237	16159	314	95
15905	15237	3585	109
15237	15905	3933	109
15019	15237	541	44
15237	15019	110	44
15661	15237	2157	78
15237	15661	-1306	78
16685	15237	8573	216
15237	16685	1245	216
16301	15237	3513	107
15237	16301	5026	107
15537	15237	6938	181
15237	15537	2575	181
16689	15237	8506	214
15237	16689	10019	214
15413	15237	1700	68
15237	15413	1313	68
16057	15237	2731	90
15237	16057	-855	90
15545	15237	5704	154
15237	15545	633	154
16316	15237	5245	144
15237	16316	168	144
16061	15237	1921	73
15237	16061	-2260	73
16063	15237	-576	20
15237	16063	346	20
15042	15237	63	33
15237	15042	-1196	33
15428	15237	2298	81
15237	15428	3811	81
15045	15237	-98	30
15237	15045	1265	30
17220	15237	9594	238
15237	17220	8625	238
16329	15237	6644	174
15237	16329	4760	174
15946	15237	4455	127
15237	15946	2640	127
15690	15237	1035	54
15237	15690	483	54
15436	15237	3216	101
15237	15436	4392	101
15952	15237	4313	124
15237	15952	2356	124
15060	15237	227	37
15237	15060	1725	37
15323	15237	1296	60
15237	15323	535	60
16351	15237	5497	150
15237	16351	1676	150
15456	15237	2863	93
15237	15456	2047	93
15201	15237	-933	12
15237	15201	-810	12
15458	15237	2378	83
15237	15458	2731	83
15076	15237	-468	22
15237	15076	-1357	22
15204	15237	-923	12
15237	15204	-1095	12
15462	15237	2397	83
15237	15462	2478	83
16102	15237	2348	82
15237	16102	2075	82
15209	15237	-1046	10
15237	15209	466	10
15210	15237	-750	16
15237	15210	-749	16
16364	15237	3807	114
15237	16364	4501	114
16878	15237	7053	183
15237	16878	8566	183
16627	15237	5702	154
15237	16627	1882	154
15219	15237	-869	13
15237	15219	420	13
15732	15237	2499	85
15237	15732	986	85
16630	15237	4917	137
15237	16630	2682	137
15479	15237	1062	55
15237	15479	-520	55
15224	15237	-877	13
15237	15224	-438	13
16249	15237	2987	96
15237	16249	754	96
16123	15237	432	41
15237	16123	-2238	41
15742	15237	4284	124
15237	15742	3524	124
0	15241	1353	38
1	15241	1353	38
15241	1	1803	38
2	15241	1353	38
15241	2	1803	38
3	15241	1353	38
15241	3	1803	38
4	15241	1353	38
15241	4	1803	38
5	15241	1353	38
15241	5	1803	38
6	15241	1353	38
15241	6	1803	38
7	15241	1353	38
15241	7	1803	38
8	15241	1353	38
15241	8	1803	38
9	15241	1353	38
15241	9	1803	38
10	15241	1353	38
15241	10	1803	38
11	15241	1353	38
15241	11	1803	38
15241	12	1803	38
15628	15241	2939	72
15241	15628	80	72
15631	15241	2598	65
15241	15631	2335	65
15120	15241	421	18
15241	15120	-366	18
15377	15241	2295	58
15241	15377	-5	58
15122	15241	559	21
15241	15122	121	21
16146	15241	4910	114
15241	16146	507	114
15764	15241	5796	133
15241	15764	3432	133
15644	15241	1767	47
15241	15644	1193	47
15901	15241	4712	110
15241	15901	1441	110
16159	15241	4585	107
15241	16159	877	107
15905	15241	4775	111
15241	15905	4060	111
15019	15241	679	24
15241	15019	-814	24
15661	15241	3347	81
15241	15661	-1179	81
16685	15241	9600	215
15241	16685	1210	215
16301	15241	5746	132
15241	16301	6196	132
15537	15241	7965	180
15241	15537	2540	180
16689	15241	9534	213
15241	16689	9984	213
15413	15241	1584	43
15241	15413	135	43
16057	15241	4964	116
15241	16057	315	116
15545	15241	6731	153
15241	15545	598	153
16316	15241	6871	156
15241	16316	732	156
16061	15241	4154	98
15241	16061	-1090	98
16063	15241	1739	46
15241	16063	1599	46
15042	15241	1762	47
15241	15042	-560	47
15428	15241	2472	62
15241	15428	2922	62
15045	15241	548	21
15241	15045	850	21
17220	15241	10622	237
15241	17220	8590	237
16329	15241	8877	199
15241	16329	5931	199
15946	15241	5645	130
15241	15946	2767	130
15690	15241	3029	74
15241	15690	1414	74
15436	15241	3101	76
15241	15436	3214	76
15952	15241	5503	127
15241	15952	2482	127
15060	15241	365	17
15241	15060	801	17
15323	15241	1260	36
15241	15323	-563	36
16351	15241	7730	175
15241	16351	2847	175
15456	15241	2761	68
15241	15456	882	68
15201	15241	565	21
15241	15201	-374	21
15458	15241	2262	58
15241	15458	1553	58
15076	15241	1630	44
15241	15076	-320	44
15204	15241	262	15
15241	15204	-971	15
15462	15241	2978	73
15241	15462	1996	73
16102	15241	3975	94
15241	16102	2638	94
15209	15241	630	23
15241	15209	1080	23
15210	15241	136	12
15241	15210	-925	12
16364	15241	6040	139
15241	16364	5672	139
16878	15241	9208	206
15241	16878	9659	206
16627	15241	7164	163
15241	16627	2281	163
15219	15241	321	16
15241	15219	548	16
15732	15241	3968	94
15241	15732	1392	94
16630	15241	6107	140
15241	16630	2808	140
15479	15241	1437	40
15241	15479	-1208	40
15224	15241	509	20
15241	15224	-114	20
16249	15241	4455	105
15241	16249	1160	105
16123	15241	2633	66
15241	16123	-1099	66
15742	15241	5753	132
15241	15742	3930	132
0	15628	26	71
1	15628	26	71
15628	1	3334	71
2	15628	26	71
15628	2	3334	71
3	15628	26	71
15628	3	3334	71
4	15628	26	71
15628	4	3334	71
5	15628	26	71
15628	5	3334	71
6	15628	26	71
15628	6	3334	71
7	15628	26	71
15628	7	3334	71
8	15628	26	71
15628	8	3334	71
9	15628	26	71
15628	9	3334	71
10	15628	26	71
15628	10	3334	71
11	15628	26	71
15628	11	3334	71
15628	12	3334	71
15631	15628	-2327	21
15628	15631	267	21
15120	15628	-480	60
15628	15120	1589	60
15377	15628	1340	99
15628	15377	1898	99
15122	15628	-618	57
15628	15122	1802	57
16146	15628	4967	177
15628	16146	3421	177
15764	15628	2803	130
15628	15764	3297	130
15644	15628	-1387	41
15628	15644	895	41
15901	15628	-976	49
15628	15901	-1388	49
16159	15628	4642	170
15628	16159	3792	170
15905	15628	-1116	46
15628	15905	1027	46
15019	15628	1210	96
15628	15019	2575	96
15661	15628	-1868	30
15628	15661	-3537	30
16685	15628	3353	142
15628	16685	-2179	142
16301	15628	4550	168
15628	16301	7858	168
15537	15628	1718	107
15628	15537	-848	107
16689	15628	3286	141
15628	16689	6595	141
15413	15628	-1060	48
15628	15413	348	48
16057	15628	3768	151
15628	16057	1977	151
15545	15628	484	81
15628	15545	-2791	81
16316	15628	6928	219
15628	16316	3647	219
16061	15628	2959	134
15628	16061	572	134
16063	15628	1499	103
15628	16063	4217	103
15042	15628	1731	108
15628	15042	2266	108
15428	15628	-2047	27
15628	15428	1261	27
15045	15628	-728	55
15628	15045	2431	55
17220	15628	4374	164
15628	17220	5201	164
16329	15628	7213	225
15628	16329	7125	225
15946	15628	85	72
15628	15946	65	72
15690	15628	-102	68
15628	15690	1141	68
15436	15628	-784	54
15628	15436	2186	54
15952	15628	-56	69
15628	15952	-218	69
15060	15628	896	90
15628	15060	4190	90
15323	15628	1533	103
15628	15323	2567	103
16351	15628	6066	200
15628	16351	4041	200
15456	15628	-1482	39
15628	15456	-502	39
15201	15628	-17	70
15628	15201	1901	70
15458	15628	-899	51
15628	15458	1249	51
15076	15628	469	80
15628	15076	1376	80
15204	15628	370	78
15628	15204	1994	78
15462	15628	-3120	4
15628	15462	-1244	4
16102	15628	4031	157
15628	16102	5553	157
15209	15628	117	73
15628	15209	3425	73
15210	15628	-8	70
15628	15210	1788	70
16364	15628	4376	164
15628	16364	6866	164
16878	15628	5944	198
15628	16878	9253	198
16627	15628	2179	117
15628	16627	154	117
15219	15628	-43	69
15628	15219	3042	69
15732	15628	836	88
15628	15732	1118	88
16630	15628	572	83
15628	16630	131	83
15479	15628	-1071	47
15628	15479	-858	47
15224	15628	-72	69
15628	15224	2162	69
16249	15628	1324	99
15628	16249	886	99
16123	15628	2507	124
15628	16123	1632	124
15742	15628	2189	117
15628	15742	3225	117
0	15631	1660	50
1	15631	1660	50
15631	1	2373	50
2	15631	1660	50
15631	2	2373	50
3	15631	1660	50
15631	3	2373	50
4	15631	1660	50
15631	4	2373	50
5	15631	1660	50
15631	5	2373	50
6	15631	1660	50
15631	6	2373	50
7	15631	1660	50
15631	7	2373	50
8	15631	1660	50
15631	8	2373	50
9	15631	1660	50
15631	9	2373	50
10	15631	1660	50
15631	10	2373	50
11	15631	1660	50
15631	11	2373	50
15631	12	2373	50
15120	15631	1774	53
15631	15120	1249	53
15377	15631	2974	79
15631	15377	936	79
15122	15631	1636	50
15631	15122	1462	50
16146	15631	7222	170
15631	16146	3081	170
15764	15631	5908	141
15631	15764	3807	141
15644	15631	867	33
15631	15644	555	33
15901	15631	2599	70
15631	15901	-407	70
16159	15631	6896	163
15631	16159	3452	163
15905	15631	2459	67
15631	15905	2007	67
15019	15631	3465	89
15631	15019	2234	89
15661	15631	1707	51
15631	15661	-2556	51
16685	15631	6929	163
15631	16685	-1198	163
16301	15631	7464	175
15631	16301	8178	175
15537	15631	5293	128
15631	15537	131	128
16689	15631	6862	162
15631	16689	7576	162
15413	15631	573	27
15631	15413	-612	27
16057	15631	6682	158
15631	16057	2297	158
15545	15631	4059	102
15631	15545	-1810	102
16316	15631	9183	212
15631	16316	3307	212
16061	15631	5873	141
15631	16061	891	141
16063	15631	3753	95
15631	16063	3877	95
15042	15631	3986	100
15631	15042	1926	100
15428	15631	-413	6
15631	15428	300	6
15045	15631	1526	48
15631	15045	2091	48
17220	15631	7950	185
15631	17220	6182	185
16329	15631	10186	233
15631	16329	7503	233
15946	15631	3661	93
15631	15946	1046	93
15690	15631	2870	76
15631	15690	1519	76
15436	15631	829	33
15631	15436	1205	33
15952	15631	3519	90
15631	15952	762	90
15060	15631	3151	82
15631	15060	3850	82
15323	15631	3418	88
15631	15323	1858	88
16351	15631	9039	208
15631	16351	4419	208
15456	15631	132	18
15631	15456	-1483	18
15201	15631	2237	63
15631	15201	1561	63
15458	15631	734	31
15631	15458	288	31
15076	15631	2724	73
15631	15076	1036	73
15204	15631	2625	71
15631	15204	1654	71
15462	15631	307	21
15631	15462	-411	21
16102	15631	6286	149
15631	16102	5213	150
15209	15631	2372	66
15631	15209	3085	66
15210	15631	2246	63
15631	15210	1447	63
16364	15631	7349	172
15631	16364	7244	172
16878	15631	9050	209
15631	16878	9763	209
16627	15631	5755	138
15631	16627	1135	138
15219	15631	2211	62
15631	15219	2702	62
15732	15631	3809	96
15631	15732	1496	96
16630	15631	4148	104
15631	16630	1112	104
15479	15631	1183	40
15631	15479	-1198	40
15224	15631	2182	62
15631	15224	1821	62
16249	15631	4297	107
15631	16249	1264	107
16123	15631	4762	117
15631	16123	1292	117
15742	15631	5594	135
15631	15742	4035	135
0	15120	889	45
1	15120	889	45
15120	1	2127	45
2	15120	889	45
15120	2	2127	45
3	15120	889	45
15120	3	2127	45
4	15120	889	45
15120	4	2127	45
5	15120	889	45
15120	5	2127	45
6	15120	889	45
15120	6	2127	45
7	15120	889	45
15120	7	2127	45
8	15120	889	45
15120	8	2127	45
9	15120	889	45
15120	9	2127	45
10	15120	889	45
15120	10	2127	45
11	15120	889	45
15120	11	2127	45
15120	12	2127	45
15377	15120	2378	77
15120	15377	865	77
15122	15120	-1100	2
15120	15122	-749	2
16146	15120	4245	117
15120	16146	628	117
15764	15120	4408	120
15120	15764	2831	120
15644	15120	108	28
15120	15644	321	28
15901	15120	3052	91
15120	15901	570	91
16159	15120	3919	110
15120	16159	999	110
15905	15120	3115	93
15120	15905	3188	93
15019	15120	714	41
15120	15019	8	41
15661	15120	1687	62
15120	15661	-2051	62
16685	15120	8103	200
15120	16685	500	200
16301	15120	4488	122
15120	16301	5726	122
15537	15120	6468	165
15120	15537	1830	165
16689	15120	8036	198
15120	16689	9275	198
15413	15120	1055	49
15120	15413	393	49
16057	15120	3706	105
15120	16057	-154	105
15545	15120	5234	138
15120	15545	-111	138
16316	15120	6205	159
15120	16316	854	159
16061	15120	2897	88
15120	16061	-1560	88
16063	15120	776	43
15120	16063	1424	43
15042	15120	1008	48
15120	15042	-526	48
15428	15120	1530	59
15120	15428	2768	59
15045	15120	-902	7
15120	15045	187	7
17220	15120	9124	222
15120	17220	7880	222
16329	15120	7619	189
15120	16329	5461	189
15946	15120	3986	111
15120	15946	1895	111
15690	15120	1370	55
15120	15690	543	55
15436	15120	2572	81
15120	15436	3473	81
15952	15120	3843	108
15120	15952	1611	108
15060	15120	400	35
15120	15060	1624	35
15323	15120	1344	55
15120	15323	308	55
16351	15120	6473	165
15120	16351	2377	165
15456	15120	2095	71
15120	15456	1004	71
15201	15120	-739	10
15120	15201	-891	10
15458	15120	1733	63
15120	15458	1812	63
15076	15120	137	29
15120	15076	-1026	29
15204	15120	-351	18
15120	15204	-798	18
15462	15120	1629	61
15120	15462	1435	61
16102	15120	3309	97
15120	16102	2760	97
15209	15120	-605	13
15120	15209	632	13
15210	15120	-766	10
15120	15210	-1039	10
16364	15120	4782	129
15120	16364	5202	129
16878	15120	7549	188
15120	16878	8787	188
16627	15120	5505	144
15120	16627	1410	144
15219	15120	-766	10
15120	15219	249	10
15732	15120	2308	76
15120	15732	520	76
16630	15120	4448	121
15120	16630	1937	121
15479	15120	259	32
15120	15479	-1598	32
15224	15120	-794	9
15120	15224	-630	9
16249	15120	2796	86
15120	16249	288	86
16123	15120	1785	64
15120	16123	-1160	64
15742	15120	4093	114
15120	15742	3059	114
0	15377	-718	43
1	15377	-718	43
15377	1	2032	43
2	15377	-718	43
15377	2	2032	43
3	15377	-718	43
15377	3	2032	43
4	15377	-718	43
15377	4	2032	43
5	15377	-718	43
15377	5	2032	43
6	15377	-718	43
15377	6	2032	43
7	15377	-718	43
15377	7	2032	43
8	15377	-718	43
15377	8	2032	43
9	15377	-718	43
15377	9	2032	43
10	15377	-718	43
15377	10	2032	43
11	15377	-718	43
15377	11	2032	43
15377	12	2032	43
15122	15377	822	76
15377	15122	2685	76
16146	15377	4843	162
15377	16146	2740	162
15764	15377	6086	189
15377	15764	6023	189
15644	15377	1890	99
15377	15644	3616	99
15901	15377	4230	149
15377	15901	3260	149
16159	15377	4518	155
15377	16159	3111	155
15905	15377	4090	146
15377	15905	5676	146
15019	15377	-608	45
15377	15019	198	45
15661	15377	3337	130
15377	15661	1111	130
16685	15377	8559	242
15377	16685	2470	242
16301	15377	6035	188
15377	16301	8787	188
15537	15377	6924	207
15377	15537	3800	207
16689	15377	8493	240
15377	16689	11244	240
15413	15377	-308	52
15377	15413	543	52
16057	15377	5253	171
15377	16057	2906	171
15545	15377	5690	180
15377	15545	1858	180
16316	15377	6804	204
15377	16316	2966	204
16061	15377	4444	154
15377	16061	1500	154
16063	15377	2028	102
15377	16063	4190	102
15042	15377	1695	95
15377	15042	1673	95
15428	15377	636	72
15377	15428	3387	72
15045	15377	624	72
15377	15045	3226	72
17220	15377	9581	264
15377	17220	9850	264
16329	15377	9166	255
15377	16329	8521	255
15946	15377	5292	172
15377	15946	4715	172
15690	15377	3384	131
15377	15690	4071	131
15436	15377	502	69
15377	15436	2917	69
15952	15377	5150	169
15377	15952	4430	169
15060	15377	-294	52
15377	15060	2442	52
15323	15377	-1716	22
15377	15323	-1239	22
16351	15377	8020	230
15377	16351	5437	230
15456	15377	925	78
15377	15456	1348	78
15201	15377	888	78
15377	15201	2250	78
15458	15377	-68	57
15377	15458	1522	57
15076	15377	1954	100
15377	15076	2303	100
15204	15377	552	70
15377	15204	1619	70
15462	15377	1937	100
15377	15462	3256	100
16102	15377	3907	142
15377	16102	4872	142
15209	15377	920	78
15377	15209	3671	78
15210	15377	580	71
15377	15210	1820	71
16364	15377	6329	194
15377	16364	8262	194
16878	15377	9564	263
15377	16878	12315	263
16627	15377	7386	217
15377	16627	4803	217
15219	15377	644	72
15377	15219	3173	72
15732	15377	4323	151
15377	15732	4048	151
16630	15377	5778	182
15377	16630	4781	182
15479	15377	753	75
15377	15479	408	75
15224	15377	832	76
15377	15224	2509	76
16249	15377	4811	162
15377	16249	3816	162
16123	15377	2566	113
15377	16123	1134	113
15742	15377	6108	189
15377	15742	6587	189
0	15122	1101	42
1	15122	1101	42
15122	1	1989	42
2	15122	1101	42
15122	2	1989	42
3	15122	1101	42
15122	3	1989	42
4	15122	1101	42
15122	4	1989	42
5	15122	1101	42
15122	5	1989	42
6	15122	1101	42
15122	6	1989	42
7	15122	1101	42
15122	7	1989	42
8	15122	1101	42
15122	8	1989	42
9	15122	1101	42
15122	9	1989	42
10	15122	1101	42
15122	10	1989	42
11	15122	1101	42
15122	11	1989	42
15122	12	1989	42
16146	15122	4733	120
15122	16146	766	120
15764	15122	4759	121
15122	15764	2833	121
15644	15122	460	28
15122	15644	322	28
15901	15122	3404	91
15122	15901	571	91
16159	15122	4407	113
15122	16159	1137	113
15905	15122	3467	93
15122	15905	3190	93
15019	15122	1203	44
15122	15019	146	44
15661	15122	2039	62
15122	15661	-2049	62
16685	15122	8455	200
15122	16685	501	200
16301	15122	4976	125
15122	16301	5864	125
15537	15122	6819	165
15122	15537	1832	165
16689	15122	8388	198
15122	16689	9276	198
15413	15122	1267	46
15122	15413	255	46
16057	15122	4194	108
15122	16057	-16	108
15545	15122	5585	138
15122	15545	-110	138
16316	15122	6693	162
15122	16316	992	162
16061	15122	3385	91
15122	16061	-1422	91
16063	15122	1264	46
15122	16063	1562	46
15042	15122	1497	51
15122	15042	-388	51
15428	15122	1742	56
15122	15428	2630	56
15045	15122	-689	4
15122	15045	49	4
17220	15122	9476	222
15122	17220	7882	222
16329	15122	8107	192
15122	16329	5599	192
15946	15122	4337	111
15122	15946	1897	111
15690	15122	1721	55
15122	15690	544	55
15436	15122	2784	78
15122	15436	3335	78
15952	15122	4195	108
15122	15952	1612	108
15060	15122	888	38
15122	15060	1762	38
15323	15122	1761	56
15122	15323	375	56
16351	15122	6961	168
15122	16351	2515	168
15456	15122	2307	68
15122	15456	866	68
15201	15122	-251	13
15122	15201	-753	13
15458	15122	1945	60
15122	15458	1674	60
15076	15122	625	32
15122	15076	-888	32
15204	15122	136	21
15122	15204	-660	21
15462	15122	1842	58
15122	15462	1297	58
16102	15122	3797	100
15122	16102	2898	100
15209	15122	-117	16
15122	15209	770	16
15210	15122	-278	13
15122	15210	-902	13
16364	15122	5270	131
15122	16364	5340	131
16878	15122	7901	188
15122	16878	8789	188
16627	15122	5857	144
15122	16627	1411	144
15219	15122	-278	13
15122	15219	387	13
15732	15122	2660	76
15122	15732	521	76
16630	15122	4799	121
15122	16630	1938	121
15479	15122	471	29
15122	15479	-1736	29
15224	15122	-306	12
15122	15224	-493	12
16249	15122	3148	86
15122	16249	290	86
16123	15122	2273	67
15122	16123	-1022	67
15742	15122	4445	114
15122	15742	3060	114
0	16146	2008	147
1	16146	2008	147
16146	1	6862	147
2	16146	2008	147
16146	2	6862	147
3	16146	2008	147
16146	3	6862	147
4	16146	2008	147
16146	4	6862	147
5	16146	2008	147
16146	5	6862	147
6	16146	2008	147
16146	6	6862	147
7	16146	2008	147
16146	7	6862	147
8	16146	2008	147
16146	8	6862	147
9	16146	2008	147
16146	9	6862	147
10	16146	2008	147
16146	10	6862	147
11	16146	2008	147
16146	11	6862	147
16146	12	6862	147
15764	16146	2195	151
16146	15764	4235	151
15644	16146	1817	142
16146	15644	5646	142
15901	16146	4660	203
16146	15901	5793	203
16159	16146	-4528	6
16146	16159	-3832	6
15905	16146	4723	205
16146	15905	8412	205
15019	16146	598	116
16146	15019	3508	116
15661	16146	3314	175
16146	15661	3191	175
16685	16146	9730	312
16146	16685	5743	312
16301	16146	-1210	78
16146	16301	3643	78
15537	16146	8095	277
16146	15537	7073	277
16689	16146	9663	311
16146	16689	14518	311
15413	16146	2542	158
16146	15413	5496	158
16057	16146	-1786	65
16146	16057	-2031	65
15545	16146	6861	251
16146	15545	5131	251
16316	16146	-2777	44
16146	16316	-4512	44
16061	16146	-1076	80
16146	16061	-1917	80
16063	16146	-902	84
16146	16063	3361	84
15042	16146	-1604	69
16146	15042	476	69
15428	16146	3362	176
16146	15428	8216	176
15045	16146	964	124
16146	15045	5670	124
17220	16146	10690	333
16146	17220	13062	333
16329	16146	1250	130
16146	16329	2708	130
15946	16146	5593	223
16146	15946	7119	223
15690	16146	1569	137
16146	15690	4358	137
15436	16146	3940	188
16146	15436	8457	188
15952	16146	5451	220
16146	15952	6834	220
15060	16146	283	110
16146	15060	5123	110
15323	16146	1909	144
16146	15323	4489	144
16351	16146	953	124
16146	16351	474	124
15456	16146	3718	183
16146	15456	6244	183
15201	16146	172	107
16146	15201	3636	107
15458	16146	3220	173
16146	15458	6915	173
15076	16146	988	125
16146	15076	3440	125
15204	16146	-58	102
16146	15204	3111	102
15462	16146	3461	178
16146	15462	6883	178
16102	16146	-3424	30
16146	16102	-356	30
15209	16146	38	104
16146	15209	4892	104
15210	16146	276	109
16146	15210	3618	109
16364	16146	57	105
16146	16364	4093	105
16878	16146	5685	225
16146	16878	10539	225
16627	16146	4733	205
16146	16627	4253	205
15219	16146	157	107
16146	15219	4788	107
15732	16146	3010	168
16146	15732	4838	168
16630	16146	5718	226
16146	16630	6823	226
15479	16146	2126	149
16146	15479	3884	149
15224	16146	228	108
16146	15224	4008	108
16249	16146	2522	158
16146	16249	3630	158
16123	16146	-2001	61
16146	16123	-1331	61
15742	16146	3216	172
16146	15742	5798	172
0	15764	4775	162
1	15764	4775	162
15764	1	7590	162
2	15764	4775	162
15764	2	7590	162
3	15764	4775	162
15764	3	7590	162
4	15764	4775	162
15764	4	7590	162
5	15764	4775	162
15764	5	7590	162
6	15764	4775	162
15764	6	7590	162
7	15764	4775	162
15764	7	7590	162
8	15764	4775	162
15764	8	7590	162
9	15764	4775	162
15764	9	7590	162
10	15764	4775	162
15764	10	7590	162
11	15764	4775	162
15764	11	7590	162
15764	12	7590	162
15644	15764	2365	111
15764	15644	4154	111
15901	15764	1042	82
15764	15901	135	82
16159	15764	3909	144
15764	16159	2565	144
15905	15764	1105	83
15764	15905	2754	83
15019	15764	4234	151
15764	15019	5104	151
15661	15764	2078	104
15764	15661	-84	104
16685	15764	4992	167
15764	16685	-1034	167
16301	15764	882	79
15764	16301	3696	79
15537	15764	5078	169
15764	15537	2017	169
16689	15764	6210	193
15764	16689	9025	193
15413	15764	4651	159
15764	15413	5566	159
16057	15764	1586	94
15764	16057	-698	94
15545	15764	3844	142
15764	15545	75	142
16316	15764	3775	141
15764	16316	0	141
16061	15764	777	76
15764	16061	-2104	76
16063	15764	1930	101
15764	16063	4154	101
15042	15764	3113	127
15764	15042	3154	127
15428	15764	4088	147
15764	15428	6902	147
15045	15764	2995	124
15764	15045	5660	124
17220	15764	5680	182
15764	17220	6012	182
16329	15764	2663	117
15764	16329	2081	117
15946	15764	1508	92
15764	15946	994	92
15690	15764	787	77
15764	15690	1537	77
15436	15764	5350	174
15764	15436	7827	174
15952	15764	1833	99
15764	15952	1176	99
15060	15764	3919	144
15764	15060	6719	144
15323	15764	4988	167
15764	15323	5528	167
16351	15764	1517	92
15764	16351	-1002	92
15456	15764	4653	160
15764	15456	5138	160
15201	15764	2464	113
15764	15201	3888	113
15458	15764	5235	172
15764	15458	6890	172
15076	15764	1982	102
15764	15076	2394	102
15204	15764	2750	119
15764	15204	3879	119
15462	15764	3426	133
15764	15462	4808	133
16102	15764	4135	148
15764	16102	5163	148
15209	15764	2351	110
15764	15209	5166	110
15210	15764	2893	122
15764	15210	4196	122
16364	15764	310	66
15764	16364	2306	66
16878	15764	675	74
15764	16878	3490	74
16627	15764	-276	54
15764	16627	-2796	54
15219	15764	2708	118
15764	15219	5300	118
15732	15764	-714	44
15764	15732	-927	44
16630	15764	1021	82
15764	16630	87	82
15479	15764	3298	130
15764	15479	3017	130
15224	15764	2520	114
15764	15224	4260	114
16249	15764	-1141	35
15764	16249	-2073	35
16123	15764	2223	107
15764	16123	854	107
15742	15764	-1792	21
15764	15742	-1251	21
0	15644	2032	65
1	15644	2032	65
15644	1	3057	65
2	15644	2032	65
15644	2	3057	65
3	15644	2032	65
15644	3	3057	65
4	15644	2032	65
15644	4	3057	65
5	15644	2032	65
15644	5	3057	65
6	15644	2032	65
15644	6	3057	65
7	15644	2032	65
15644	7	3057	65
8	15644	2032	65
15644	8	3057	65
9	15644	2032	65
15644	9	3057	65
10	15644	2032	65
15644	10	3057	65
11	15644	2032	65
15644	11	3057	65
15644	12	3057	65
15901	15644	2799	81
15644	15901	103	81
16159	15644	5320	135
15644	16159	2187	135
15905	15644	2862	83
15644	15905	2722	83
15019	15644	2241	70
15644	15019	1322	70
15661	15644	1434	52
15644	15661	-2517	52
16685	15644	7557	183
15644	16685	-258	183
16301	15644	5769	145
15644	16301	6794	145
15537	15644	5922	148
15644	15537	1071	148
16689	15644	7490	182
15644	16689	8516	182
15413	15644	1515	54
15644	15413	641	54
16057	15644	4987	128
15644	16057	913	128
15545	15644	4688	122
15644	15545	-870	122
16316	15644	7607	184
15644	16316	2042	184
16061	15644	4178	111
15644	16061	-491	111
16063	15644	2177	68
15644	16063	2613	68
15042	15644	2410	73
15644	15042	662	73
15428	15644	836	39
15644	15428	1861	39
15045	15644	430	31
15644	15045	1307	31
17220	15644	8578	205
15644	17220	7122	205
16329	15644	8432	202
15644	16329	6061	202
15946	15644	3732	101
15644	15946	1429	101
15690	15644	1116	45
15644	15690	77	45
15436	15644	2098	66
15644	15436	2786	66
15952	15644	3590	98
15644	15952	1145	98
15060	15644	1927	63
15644	15060	2938	63
15323	15644	2692	79
15644	15323	1443	79
16351	15644	7285	178
15644	16351	2977	178
15456	15644	1400	51
15644	15456	97	51
15201	15644	661	36
15644	15201	297	36
15458	15644	1983	64
15644	15458	1849	64
15076	15644	1148	46
15644	15076	-228	46
15204	15644	1049	44
15644	15204	390	44
15462	15644	935	42
15644	15462	528	42
16102	15644	4710	122
15644	16102	3949	122
15209	15644	796	39
15644	15209	1821	39
15210	15644	793	38
15644	15210	306	38
16364	15644	5595	141
15644	16364	5802	141
16878	15644	7296	178
15644	16878	8321	178
16627	15644	5252	134
15644	16627	944	134
15219	15644	635	35
15644	15219	1437	35
15732	15644	2055	66
15644	15732	54	66
16630	15644	4194	111
15644	16630	1471	111
15479	15644	163	25
15644	15479	-1907	25
15224	15644	606	34
15644	15224	557	34
16249	15644	2543	76
15644	16249	-177	76
16123	15644	3186	90
15644	16123	28	90
15742	15644	3840	104
15644	15742	2593	104
0	15901	1946	121
1	15901	1946	121
15901	1	5667	121
2	15901	1946	121
15901	2	5667	121
3	15901	1946	121
15901	3	5667	121
4	15901	1946	121
15901	4	5667	121
5	15901	1946	121
15901	5	5667	121
6	15901	1946	121
15901	6	5667	121
7	15901	1946	121
15901	7	5667	121
8	15901	1946	121
15901	8	5667	121
9	15901	1946	121
15901	9	5667	121
10	15901	1946	121
15901	10	5667	121
11	15901	1946	121
15901	11	5667	121
15901	12	5667	121
16159	15901	5468	196
15901	16159	5030	196
15905	15901	-3580	3
15901	15905	-1025	3
15019	15901	2468	132
15901	15019	4245	132
15661	15901	-1545	46
15901	15661	-2802	46
16685	15901	2028	123
15901	16685	-3092	123
16301	15901	3594	156
15901	16301	7314	156
15537	15901	393	88
15901	15537	-1761	88
16689	15901	1961	121
15901	16689	5682	121
15413	15901	859	98
15901	15413	2680	98
16057	15901	3251	149
15901	16057	1872	149
15545	15901	-841	61
15901	15545	-3704	61
16316	15901	6487	218
15901	16316	3618	218
16061	15901	2441	132
15901	16061	467	132
16063	15901	2251	127
15901	16063	5382	127
15042	15901	2577	134
15901	15042	3524	134
15428	15901	-127	77
15901	15428	3593	77
15045	15901	733	95
15901	15045	4305	95
17220	15901	3049	145
15901	17220	4288	145
16329	15901	5479	197
15901	16329	5804	197
15946	15901	-2658	22
15901	15946	-2266	22
15690	15901	-619	66
15901	15690	1036	66
15436	15901	1135	104
15901	15436	4518	104
15952	15901	-2801	19
15901	15952	-2550	19
15060	15901	2154	125
15901	15060	5860	125
15323	15901	3152	147
15901	15323	4599	147
16351	15901	4333	172
15901	16351	2720	172
15456	15901	437	89
15901	15456	1830	89
15201	15901	786	96
15901	15201	3117	96
15458	15901	1020	101
15901	15458	3581	101
15076	15901	1107	103
15901	15076	2426	103
15204	15901	1276	107
15901	15204	3312	107
15462	15901	-1259	52
15901	15462	1028	52
16102	15901	4857	183
15901	16102	6792	183
15209	15901	920	99
15901	15209	4641	99
15210	15901	1041	102
15901	15210	3251	102
16364	15901	3022	144
15901	16364	5924	144
16878	15901	3277	149
15901	16878	6997	149
16627	15901	-565	67
15901	16627	-2177	67
15219	15901	862	98
15901	15219	4360	98
15732	15901	-904	60
15901	15732	-209	60
16630	15901	-2172	33
15901	16630	-2200	33
15479	15901	848	97
15901	15479	1473	97
15224	15901	754	95
15901	15224	3401	95
16249	15901	-416	70
15901	16249	-441	70
16123	15901	2945	142
15901	16123	2483	142
15742	15901	-478	69
15901	15742	969	69
0	16159	2379	140
1	16159	2379	140
16159	1	6537	140
2	16159	2379	140
16159	2	6537	140
3	16159	2379	140
16159	3	6537	140
4	16159	2379	140
16159	4	6537	140
5	16159	2379	140
16159	5	6537	140
6	16159	2379	140
16159	6	6537	140
7	16159	2379	140
16159	7	6537	140
8	16159	2379	140
16159	8	6537	140
9	16159	2379	140
16159	9	6537	140
10	16159	2379	140
16159	10	6537	140
11	16159	2379	140
16159	11	6537	140
16159	12	6537	140
15905	16159	5093	198
16159	15905	8086	198
15019	16159	968	109
16159	15019	3182	109
15661	16159	3685	168
16159	15661	2866	168
16685	16159	10100	305
16159	16685	5417	305
16301	16159	-840	71
16159	16301	3318	71
15537	16159	8465	270
16159	15537	6748	270
16689	16159	10034	304
16159	16689	14192	304
15413	16159	2912	151
16159	15413	5171	151
16057	16159	-1416	58
16159	16057	-2357	58
15545	16159	7231	244
16159	15545	4805	244
16316	16159	-1872	48
16159	16316	-4303	48
16061	16159	-705	73
16159	16061	-2243	73
16063	16159	-532	77
16159	16063	3035	77
15042	16159	-1234	62
16159	15042	150	62
15428	16159	3732	169
16159	15428	7891	169
15045	16159	1335	117
16159	15045	5344	117
17220	16159	11060	326
16159	17220	12736	326
16329	16159	2040	132
16159	16329	2802	132
15946	16159	5963	216
16159	15946	6793	216
15690	16159	1939	130
16159	15690	4032	130
15436	16159	4311	181
16159	15436	8132	181
15952	16159	5821	213
16159	15952	6509	213
15060	16159	654	103
16159	15060	4798	103
15323	16159	2279	137
16159	15323	4163	137
16351	16159	1744	126
16159	16351	568	126
15456	16159	4089	176
16159	15456	5918	176
15201	16159	542	100
16159	15201	3311	100
15458	16159	3590	166
16159	15458	6589	166
15076	16159	1358	118
16159	15076	3115	118
15204	16159	311	95
16159	15204	2785	95
15462	16159	3832	171
16159	15462	6558	171
16102	16159	-3053	23
16159	16102	-681	23
15209	16159	408	97
16159	15209	4566	97
15210	16159	646	102
16159	15210	3293	102
16364	16159	428	98
16159	16364	3768	98
16878	16159	6056	218
16159	16878	10214	218
16627	16159	5103	198
16159	16627	3928	198
15219	16159	527	100
16159	15219	4463	100
15732	16159	3380	161
16159	15732	4512	161
16630	16159	6089	219
16159	16630	6498	219
15479	16159	2496	142
16159	15479	3558	142
15224	16159	598	101
16159	15224	3683	101
16249	16159	2892	151
16159	16249	3305	151
16123	16159	-1631	54
16159	16123	-1656	54
15742	16159	3587	165
16159	15742	5472	165
0	15905	4361	118
1	15905	4361	118
15905	1	5527	118
2	15905	4361	118
15905	2	5527	118
3	15905	4361	118
15905	3	5527	118
4	15905	4361	118
15905	4	5527	118
5	15905	4361	118
15905	5	5527	118
6	15905	4361	118
15905	6	5527	118
7	15905	4361	118
15905	7	5527	118
8	15905	4361	118
15905	8	5527	118
9	15905	4361	118
15905	9	5527	118
10	15905	4361	118
15905	10	5527	118
11	15905	4361	118
15905	11	5527	118
15905	12	5527	118
15019	15905	5087	133
15905	15019	4308	133
15661	15905	869	43
15905	15661	-2942	43
16685	15905	4443	120
15905	16685	-3232	120
16301	15905	6212	158
15905	16301	7378	158
15537	15905	2808	85
15905	15537	-1901	85
16689	15905	4377	118
15905	16689	5542	118
15413	15905	3274	95
15905	15413	2540	95
16057	15905	5869	150
15905	16057	1935	150
15545	15905	1574	58
15905	15545	-3844	58
16316	15905	9105	220
15905	16316	3681	220
16061	15905	5060	133
15905	16061	530	133
16063	15905	4870	129
15905	16063	5445	129
15042	15905	5195	136
15905	15042	3587	136
15428	15905	2288	74
15905	15428	3453	74
15045	15905	3351	96
15905	15045	4368	96
17220	15905	5465	142
15905	17220	4148	142
16329	15905	8098	198
15905	16329	5867	198
15946	15905	36	25
15905	15946	-2126	25
15690	15905	1998	67
15905	15690	1099	67
15436	15905	3550	101
15905	15436	4378	101
15952	15905	-105	22
15905	15952	-2410	22
15060	15905	4772	127
15905	15060	5923	127
15323	15905	5771	148
15905	15323	4662	148
16351	15905	6951	173
15905	16351	2783	173
15456	15905	2853	86
15905	15456	1690	86
15201	15905	3405	97
15905	15201	3180	97
15458	15905	3435	98
15905	15458	3441	98
15076	15905	3725	104
15905	15076	2489	104
15204	15905	3895	108
15905	15204	3375	108
15462	15905	1155	49
15905	15462	888	49
16102	15905	7476	185
15905	16102	6855	185
15209	15905	3539	100
15905	15209	4704	100
15210	15905	3660	103
15905	15210	3314	103
16364	15905	5640	145
15905	16364	5987	145
16878	15905	5895	151
15905	16878	7060	151
16627	15905	2130	70
15905	16627	-2037	70
15219	15905	3480	99
15905	15219	4423	99
15732	15905	1714	61
15905	15732	-146	61
16630	15905	523	36
15905	16630	-2060	36
15479	15905	3264	94
15905	15479	1333	94
15224	15905	3372	97
15905	15224	3464	97
16249	15905	2202	72
15905	16249	-378	72
16123	15905	5564	144
15905	16123	2546	144
15742	15905	2140	70
15905	15742	1032	70
0	15019	414	50
1	15019	414	50
15019	1	2359	50
2	15019	414	50
15019	2	2359	50
3	15019	414	50
15019	3	2359	50
4	15019	414	50
15019	4	2359	50
5	15019	414	50
15019	5	2359	50
6	15019	414	50
15019	6	2359	50
7	15019	414	50
15019	7	2359	50
8	15019	414	50
15019	8	2359	50
9	15019	414	50
15019	9	2359	50
10	15019	414	50
15019	10	2359	50
11	15019	414	50
15019	11	2359	50
15019	12	2359	50
15661	15019	2880	103
15019	15661	-152	103
16685	15019	9237	239
15019	16685	2339	239
16301	15019	5053	149
15019	16301	6997	149
15537	15019	7601	204
15019	15537	3670	204
16689	15019	9170	238
15019	16689	11114	238
15413	15019	1220	67
15019	15413	1265	67
16057	15019	4271	133
15019	16057	1116	133
15545	15019	6367	178
15019	15545	1727	178
16316	15019	5468	158
15019	16316	823	158
16061	15019	3462	115
15019	16061	-288	115
16063	15019	1047	64
15019	16063	2400	64
15042	15019	359	49
15019	15042	-469	49
15428	15019	2108	86
15019	15428	4052	86
15045	15019	184	45
15019	15045	1979	45
17220	15019	10258	261
15019	17220	9720	261
16329	15019	8184	217
15019	16329	6732	217
15946	15019	5178	152
15019	15946	3794	152
15690	15019	2562	96
15019	15690	2441	96
15436	15019	2346	91
15019	15436	3953	91
15952	15019	5036	149
15019	15952	3509	149
15060	15019	-1629	6
15019	15060	299	6
15323	15019	-511	30
15019	15323	-841	30
16351	15019	7038	192
15019	16351	3648	192
15456	15019	2397	93
15019	15456	2012	93
15201	15019	-93	39
15019	15201	461	39
15458	15019	1775	79
15019	15458	2559	79
15076	15019	972	62
15019	15076	514	62
15204	15019	-429	32
15019	15204	-169	32
15462	15019	2615	97
15019	15462	3126	97
16102	15019	2572	96
15019	16102	2729	96
15209	15019	-61	40
15019	15209	1882	40
15210	15019	-365	33
15019	15210	66	33
16364	15019	5347	156
15019	16364	6473	156
16878	15019	8594	225
15019	16878	10538	225
16627	15019	6698	185
15019	16627	3308	185
15219	15019	-337	34
15019	15219	1384	34
15732	15019	3501	116
15019	15732	2418	116
16630	15019	5640	162
15019	16630	3835	162
15479	15019	1073	64
15019	15479	-78	64
15224	15019	-149	38
15019	15224	720	38
16249	15019	3989	127
15019	16249	2187	127
16123	15019	1231	68
15019	16123	-1008	68
15742	15019	5286	154
15019	15742	4957	154
0	15661	-202	102
1	15661	-202	102
15661	1	4774	102
2	15661	-202	102
15661	2	4774	102
3	15661	-202	102
15661	3	4774	102
4	15661	-202	102
15661	4	4774	102
5	15661	-202	102
15661	5	4774	102
6	15661	-202	102
15661	6	4774	102
7	15661	-202	102
15661	7	4774	102
8	15661	-202	102
15661	8	4774	102
9	15661	-202	102
15661	9	4774	102
10	15661	-202	102
15661	10	4774	102
11	15661	-202	102
15661	11	4774	102
15661	12	4774	102
16685	15661	1527	139
15661	16685	-2336	139
16301	15661	1530	139
15661	16301	6507	139
15537	15661	-108	104
15661	15537	-1006	104
16689	15661	1460	137
15661	16689	6437	137
15413	15661	-1289	79
15661	15413	1788	79
16057	15661	748	122
15661	16057	626	122
15545	15661	-1342	77
15661	15545	-2948	77
16316	15661	4000	192
15661	16316	2387	192
16061	15661	-60	105
15661	16061	-778	105
16063	15661	-369	98
15661	16063	4017	98
15042	15661	-44	105
15661	15042	2159	105
15428	15661	-2276	57
15661	15428	2701	57
15045	15661	-1888	66
15661	15045	2940	66
17220	15661	2548	161
15661	17220	5043	161
16329	15661	4193	196
15661	16329	5774	196
15946	15661	-1740	69
15661	15946	-91	69
15690	15661	-3122	39
15661	15690	-209	39
15436	15661	-1013	84
15661	15436	3626	84
15952	15661	-1882	66
15661	15952	-376	66
15060	15661	-467	96
15661	15060	4495	96
15323	15661	530	118
15661	15323	3234	118
16351	15661	3046	171
15661	16351	2690	171
15456	15661	-1711	69
15661	15456	937	69
15201	15661	-1835	67
15661	15201	1752	67
15458	15661	-1128	82
15661	15458	2689	82
15076	15661	-1514	74
15661	15076	1061	74
15204	15661	-1345	77
15661	15204	1947	77
15462	15661	-3408	33
15661	15462	136	33
16102	15661	2255	154
15661	16102	5446	154
15209	15661	-1700	70
15661	15209	3276	70
15210	15661	-1579	72
15661	15210	1886	72
16364	15661	1356	135
15661	16364	5515	135
16878	15661	3057	172
15661	16878	8034	172
16627	15661	353	114
15661	16627	-3	114
15219	15661	-1759	68
15661	15219	2995	68
15732	15661	-2183	59
15661	15732	-232	59
16630	15661	-1254	79
15661	16630	-25	79
15479	15661	-1584	72
15661	15479	296	72
15224	15661	-1867	66
15661	15224	2036	66
16249	15661	-1695	70
15661	16249	-464	70
16123	15661	443	116
15661	16123	1237	116
15742	15661	-398	98
15661	15742	2306	98
0	16685	1155	214
1	16685	1155	214
16685	1	9996	214
2	16685	1155	214
16685	2	9996	214
3	16685	1155	214
16685	3	9996	214
4	16685	1155	214
16685	4	9996	214
5	16685	1155	214
16685	5	9996	214
6	16685	1155	214
16685	6	9996	214
7	16685	1155	214
16685	7	9996	214
8	16685	1155	214
16685	8	9996	214
9	16685	1155	214
16685	9	9996	214
10	16685	1155	214
16685	10	9996	214
11	16685	1155	214
16685	11	9996	214
16685	12	9996	214
16301	16685	2661	246
16685	16301	11503	246
15537	16685	-7205	35
16685	15537	-4240	35
16689	16685	-7622	26
16685	16689	1218	26
15413	16685	68	190
16685	15413	7010	190
16057	16685	3300	260
16685	16057	7042	260
15545	16685	-5276	76
16685	15545	-3019	76
16316	16685	5555	308
16685	16316	7806	308
16061	16685	2491	242
16685	16061	5636	242
16063	16685	2181	236
16685	16063	10432	236
15042	16685	2507	243
16685	15042	8575	243
15428	16685	-917	169
16685	15428	7923	169
15045	16685	400	198
16685	15045	9093	198
17220	16685	-7093	37
16685	17220	-733	37
16329	16685	3470	263
16685	16329	8915	263
15946	16685	-2030	145
16685	15946	3482	145
15690	16685	-570	177
16685	15690	6205	177
15436	16685	344	196
16685	15436	8848	196
15952	16685	-2172	142
16685	15952	3198	142
15060	16685	2025	232
16685	15060	10852	232
15323	16685	2662	246
16685	15323	9229	246
16351	16685	3296	260
16685	16351	6804	260
15456	16685	-352	181
16685	15456	6159	181
15201	16685	716	204
16685	15201	8168	204
15458	16685	229	194
16685	15458	7911	194
15076	16685	1037	211
16685	15076	7476	211
15204	16685	1206	215
16685	15204	8363	215
15462	16685	-2050	145
16685	15462	5358	145
16102	16685	4807	292
16685	16102	11862	292
15209	16685	851	207
16685	15209	9692	207
15210	16685	972	210
16685	15210	8301	210
16364	16685	2090	234
16685	16364	10113	234
16878	16685	-4289	97
16685	16878	4552	97
16627	16685	63	190
16685	16627	3571	190
15219	16685	792	206
16685	15219	9410	206
15732	16685	-352	181
16685	15732	5462	181
16630	16685	-1543	156
16685	16630	3548	156
15479	16685	57	190
16685	15479	5803	190
15224	16685	684	204
16685	15224	8451	204
16249	16685	135	192
16685	16249	5230	192
16123	16685	2995	253
16685	16123	7652	253
15742	16685	-362	181
16685	15742	6206	181
0	16301	7845	168
1	16301	7845	168
16301	1	7845	168
2	16301	7845	168
16301	2	7845	168
3	16301	7845	168
16301	3	7845	168
4	16301	7845	168
16301	4	7845	168
5	16301	7845	168
16301	5	7845	168
6	16301	7845	168
16301	6	7845	168
7	16301	7845	168
16301	7	7845	168
8	16301	7845	168
16301	8	7845	168
9	16301	7845	168
16301	9	7845	168
10	16301	7845	168
16301	10	7845	168
11	16301	7845	168
16301	11	7845	168
16301	12	7845	168
15537	16301	11288	241
16301	15537	5412	241
16689	16301	12721	272
16301	16689	12721	272
15413	16301	8019	171
16301	15413	6120	171
16057	16301	2516	53
16301	16057	-2582	53
15545	16301	10054	215
16301	15545	3470	215
16316	16301	2938	62
16301	16316	-3650	62
16061	16301	2204	47
16301	16061	-3491	47
16063	16301	4694	100
16301	16063	4104	100
15042	16301	5877	125
16301	15042	3104	125
15428	16301	8458	181
16301	15428	8458	181
15045	16301	6062	129
16301	15045	5913	129
17220	16301	12191	261
16301	17220	9709	261
16329	16301	4424	94
16301	16329	1027	94
15946	16301	7976	170
16301	15946	4648	170
15690	16301	4662	99
16301	15690	2597	99
15436	16301	9536	204
16301	15436	9199	204
15952	16301	8105	173
16301	15952	4635	173
15060	16301	6683	143
16301	15060	6669	143
15323	16301	7752	166
16301	15323	5478	166
16351	16301	3277	70
16301	16351	-2056	70
15456	16301	9023	193
16301	15456	6695	193
15201	16301	5228	112
16301	15201	3838	112
15458	16301	8698	186
16301	15458	7538	186
15076	16301	4746	101
16301	15076	2344	101
15204	16301	5513	118
16301	15204	3829	118
15462	16301	7987	171
16301	15462	6555	171
16102	16301	3693	79
16301	16102	1906	79
15209	16301	5115	109
16301	15209	5115	109
15210	16301	5657	121
16301	15210	4145	121
16364	16301	1313	28
16301	16364	495	28
16878	16301	7186	154
16301	16878	7186	154
16627	16301	6234	133
16301	16627	900	133
15219	16301	5472	117
16301	15219	5250	117
15732	16301	4659	99
16301	15732	1632	99
16630	16301	7489	160
16301	16630	3741	160
15479	16301	7223	154
16301	15479	4128	154
15224	16301	5284	113
16301	15224	4210	113
16249	16301	4171	89
16301	16249	425	89
16123	16301	4987	106
16301	16123	803	106
15742	16301	4718	101
16301	15742	2445	101
0	15537	2485	179
1	15537	2485	179
15537	1	8361	179
2	15537	2485	179
15537	2	8361	179
3	15537	2485	179
15537	3	8361	179
4	15537	2485	179
15537	4	8361	179
5	15537	2485	179
15537	5	8361	179
6	15537	2485	179
15537	6	8361	179
7	15537	2485	179
15537	7	8361	179
8	15537	2485	179
15537	8	8361	179
9	15537	2485	179
15537	9	8361	179
10	15537	2485	179
15537	10	8361	179
11	15537	2485	179
15537	11	8361	179
15537	12	8361	179
16689	15537	-4306	33
15537	16689	1568	33
15413	15537	1398	155
15537	15413	5375	155
16057	15537	4630	225
15537	16057	5407	225
15545	15537	-3946	41
15537	15545	-4654	41
16316	15537	7882	294
15537	16316	7168	294
16061	15537	3821	207
15537	16061	4001	207
16063	15537	3512	201
15537	16063	8797	201
15042	15537	3837	208
15537	15042	6940	208
15428	15537	412	134
15537	15428	6288	134
15045	15537	1731	163
15537	15045	7458	163
17220	15537	-3219	56
15537	17220	174	56
16329	15537	7362	283
15537	16329	9841	283
15946	15537	-699	110
15537	15946	1847	110
15690	15537	759	142
15537	15690	4570	142
15436	15537	1674	161
15537	15436	7213	161
15952	15537	-841	107
15537	15952	1562	107
15060	15537	3356	197
15537	15060	9217	197
15323	15537	3993	211
15537	15323	7594	211
16351	15537	6215	259
15537	16351	6757	259
15456	15537	977	146
15537	15456	4524	146
15201	15537	2047	169
15537	15201	6532	169
15458	15537	1559	159
15537	15458	6275	159
15076	15537	2367	176
15537	15076	5841	176
15204	15537	2537	180
15537	15204	6728	180
15462	15537	-720	110
15537	15462	3723	110
16102	15537	6137	257
15537	16102	10226	257
15209	15537	2181	172
15537	15209	8056	172
15210	15537	2302	175
15537	15210	6666	175
16364	15537	4904	230
15537	16364	9961	230
16878	15537	266	131
15537	16878	6141	131
16627	15537	1393	155
15537	16627	1935	155
15219	15537	2122	171
15537	15219	7775	171
15732	15537	978	146
15537	15732	3827	146
16630	15537	-213	121
15537	16630	1913	121
15479	15537	1388	155
15537	15479	4167	155
15224	15537	2014	169
15537	15224	6816	169
16249	15537	1466	157
15537	16249	3595	157
16123	15537	4325	218
15537	16123	6017	218
15742	15537	1403	155
15537	15742	5006	155
0	16689	9930	212
1	16689	9930	212
16689	1	9930	212
2	16689	9930	212
16689	2	9930	212
3	16689	9930	212
16689	3	9930	212
4	16689	9930	212
16689	4	9930	212
5	16689	9930	212
16689	5	9930	212
6	16689	9930	212
16689	6	9930	212
7	16689	9930	212
16689	7	9930	212
8	16689	9930	212
16689	8	9930	212
9	16689	9930	212
16689	9	9930	212
10	16689	9930	212
16689	10	9930	212
11	16689	9930	212
16689	11	9930	212
16689	12	9930	212
15413	16689	8843	189
16689	15413	6943	189
16057	16689	12074	258
16689	16057	6975	258
15545	16689	3497	74
16689	15545	-3086	74
16316	16689	15326	328
16689	16316	8736	328
16061	16689	11265	241
16689	16061	5570	241
16063	16689	10956	234
16689	16063	10366	234
15042	16689	11281	241
16689	15042	8508	241
15428	16689	7856	168
16689	15428	7856	168
15045	16689	9175	196
16689	15045	9026	196
17220	16689	1412	30
16689	17220	-1069	30
16329	16689	13530	289
16689	16329	10133	289
15946	16689	6744	144
16689	15946	3416	144
15690	16689	8204	175
16689	15690	6139	175
15436	16689	9118	195
16689	15436	8781	195
15952	16689	6602	141
16689	15952	3131	141
15060	16689	10800	231
16689	15060	10785	231
15323	16689	11437	245
16689	15323	9163	245
16351	16689	13356	286
16689	16351	8022	286
15456	16689	8421	180
16689	15456	6093	180
15201	16689	9491	203
16689	15201	8101	203
15458	16689	9004	192
16689	15458	7844	192
15076	16689	9811	210
16689	15076	7410	210
15204	16689	9981	213
16689	15204	8296	213
15462	16689	6724	144
16689	15462	5291	144
16102	16689	13582	291
16689	16102	11795	291
15209	16689	9625	206
16689	15209	9625	206
15210	16689	9746	208
16689	15210	8235	208
16364	16689	12149	260
16689	16364	11331	260
16878	16689	5770	123
16689	16878	5770	123
16627	16689	8838	189
16689	16627	3504	189
15219	16689	9566	205
16689	15219	9344	205
15732	16689	8422	180
16689	15732	5396	180
16630	16689	7230	154
16689	16630	3482	154
15479	16689	8832	189
16689	15479	5736	189
15224	16689	9459	202
16689	15224	8385	202
16249	16689	8910	190
16689	16249	5164	190
16123	16689	11769	252
16689	16123	7586	252
15742	16689	8847	189
16689	15742	6575	189
0	15413	-770	24
1	15413	-770	24
15413	1	1128	24
2	15413	-770	24
15413	2	1128	24
3	15413	-770	24
15413	3	1128	24
4	15413	-770	24
15413	4	1128	24
5	15413	-770	24
15413	5	1128	24
6	15413	-770	24
15413	6	1128	24
7	15413	-770	24
15413	7	1128	24
8	15413	-770	24
15413	8	1128	24
9	15413	-770	24
15413	9	1128	24
10	15413	-770	24
15413	10	1128	24
11	15413	-770	24
15413	11	1128	24
15413	12	1128	24
16057	15413	5338	155
15413	16057	2138	155
15545	15413	4140	129
15413	15545	-543	129
16316	15413	7457	200
15413	16316	2767	200
16061	15413	4529	137
15413	16061	733	137
16063	15413	2250	88
15413	16063	3559	88
15042	15413	2348	91
15413	15042	1474	91
15428	15413	-913	21
15413	15428	986	21
15045	15413	57	41
15413	15045	1808	41
17220	15413	8031	212
15413	17220	7449	212
16329	15413	9251	238
15413	16329	7754	238
15946	15413	3742	120
15413	15946	2313	120
15690	15413	2528	94
15413	15690	2362	94
15436	15413	-290	34
15413	15436	1272	34
15952	15413	3600	117
15413	15952	2029	117
15060	15413	951	61
15413	15060	2836	61
15323	15413	987	61
15413	15323	612	61
16351	15413	8105	214
15413	16351	4670	214
15456	15413	-623	27
15413	15456	-1053	27
15201	15413	892	59
15413	15201	1401	59
15458	15413	-1210	14
15413	15458	-470	14
15076	15413	1769	78
15413	15076	1267	78
15204	15413	848	58
15413	15204	1063	58
15462	15413	388	49
15413	15462	855	49
16102	15413	4560	138
15413	16102	4673	138
15209	15413	1026	62
15413	15209	2925	62
15210	15413	551	52
15413	15210	938	52
16364	15413	6414	178
15413	16364	7495	178
16878	15413	8707	227
15413	16878	10607	227
16627	15413	5836	165
15413	16627	2402	165
15219	15413	736	56
15413	15219	2413	56
15732	15413	3466	114
15413	15732	2339	114
16630	15413	4229	131
15413	16630	2379	131
15479	15413	-546	28
15413	15479	-1743	28
15224	15413	836	58
15413	15224	1662	58
16249	15413	3954	125
15413	16249	2108	125
16123	15413	3219	109
15413	16123	935	109
15742	15413	5251	153
15413	15742	4878	153
0	16057	1964	151
1	16057	1964	151
16057	1	7063	151
2	16057	1964	151
16057	2	7063	151
3	16057	1964	151
16057	3	7063	151
4	16057	1964	151
16057	4	7063	151
5	16057	1964	151
16057	5	7063	151
6	16057	1964	151
16057	6	7063	151
7	16057	1964	151
16057	7	7063	151
8	16057	1964	151
16057	8	7063	151
9	16057	1964	151
16057	9	7063	151
10	16057	1964	151
16057	10	7063	151
11	16057	1964	151
16057	11	7063	151
16057	12	7063	151
15545	16057	4173	198
16057	15545	2688	198
16316	16057	-1389	79
16057	16316	-2880	79
16061	16057	-3970	24
16057	16061	-4566	24
16063	16057	-1186	83
16057	16063	3322	83
15042	16057	-3	109
16057	15042	2322	109
15428	16057	2577	164
16057	15428	7676	164
15045	16057	181	113
16057	15045	5131	113
17220	16057	7796	276
16057	17220	10413	276
16329	16057	821	126
16057	16329	2524	126
15946	16057	2805	169
16057	15946	4576	169
15690	16057	-1218	83
16057	15690	1815	83
15436	16057	3655	187
16057	15436	8417	187
15952	16057	2663	166
16057	15952	4292	166
15060	16057	802	126
16057	15060	5887	126
15323	16057	1871	149
16057	15323	4696	149
16351	16057	135	112
16057	16351	-99	112
15456	16057	3142	176
16057	15456	5913	176
15201	16057	-652	95
16057	15201	3056	95
15458	16057	2817	169
16057	15458	6756	169
15076	16057	-1135	84
16057	15076	1562	84
15204	16057	-367	101
16057	15204	3047	101
15462	16057	2106	154
16057	15462	5773	154
16102	16057	-1982	66
16057	16102	1330	66
15209	16057	-765	92
16057	15209	4333	92
15210	16057	-223	104
16057	15210	3363	104
16364	16057	-1793	70
16057	16364	2487	70
16878	16057	2791	169
16057	16878	7891	169
16627	16057	1839	148
16057	16627	1604	148
15219	16057	-408	100
16057	15219	4468	100
15732	16057	116	111
16057	15732	2189	111
16630	16057	2931	172
16057	16630	4281	172
15479	16057	1342	138
16057	15479	3346	138
15224	16057	-596	96
16057	15224	3428	96
16249	16057	-371	101
16057	16249	981	101
16123	16057	-893	90
16057	16123	22	90
15742	16057	323	116
16057	15742	3149	116
0	15545	543	152
1	15545	543	152
15545	1	7127	152
2	15545	543	152
15545	2	7127	152
3	15545	543	152
15545	3	7127	152
4	15545	543	152
15545	4	7127	152
5	15545	543	152
15545	5	7127	152
6	15545	543	152
15545	6	7127	152
7	15545	543	152
15545	7	7127	152
8	15545	543	152
15545	8	7127	152
9	15545	543	152
15545	9	7127	152
10	15545	543	152
15545	10	7127	152
11	15545	543	152
15545	11	7127	152
15545	12	7127	152
16316	15545	5939	268
15545	16316	5934	268
16061	15545	1879	181
15545	16061	2767	181
16063	15545	1569	174
15545	16063	7563	174
15042	15545	1895	181
15545	15042	5705	181
15428	15545	-1529	108
15545	15428	5054	108
15045	15545	-211	136
15545	15045	6223	136
17220	15545	-1998	98
15545	17220	2103	98
16329	15545	5419	257
15545	16329	8607	257
15946	15545	-2642	84
15545	15946	613	84
15690	15545	-1182	115
15545	15690	3336	115
15436	15545	-267	135
15545	15436	5979	135
15952	15545	-2784	81
15545	15952	328	81
15060	15545	1413	171
15545	15060	7983	171
15323	15545	2050	185
15545	15323	6360	185
16351	15545	4273	232
15545	16351	5523	232
15456	15545	-965	120
15545	15456	3290	120
15201	15545	104	143
15545	15201	5298	143
15458	15545	-382	132
15545	15458	5041	132
15076	15545	425	150
15545	15076	4607	150
15204	15545	594	153
15545	15204	5494	153
15462	15545	-2662	84
15545	15462	2489	84
16102	15545	4195	230
15545	16102	8992	230
15209	15545	238	146
15545	15209	6822	146
15210	15545	360	148
15545	15210	5432	148
16364	15545	2961	204
15545	16364	8727	204
16878	15545	527	152
15545	16878	7111	152
16627	15545	-548	129
15545	16627	701	129
15219	15545	180	144
15545	15219	6541	144
15732	15545	-964	120
15545	15732	2593	120
16630	15545	-2155	94
15545	16630	679	94
15479	15545	-554	129
15545	15479	2933	129
15224	15545	72	142
15545	15224	5582	142
16249	15545	-476	130
15545	16249	2361	130
16123	15545	2383	192
15545	16123	4783	192
15742	15545	-538	129
15545	15742	3772	129
0	16316	2233	189
1	16316	2233	189
16316	1	8823	189
2	16316	2233	189
16316	2	8823	189
3	16316	2233	189
16316	3	8823	189
4	16316	2233	189
16316	4	8823	189
5	16316	2233	189
16316	5	8823	189
6	16316	2233	189
16316	6	8823	189
7	16316	2233	189
16316	7	8823	189
8	16316	2233	189
16316	8	8823	189
9	16316	2233	189
16316	9	8823	189
10	16316	2233	189
16316	10	8823	189
11	16316	2233	189
16316	11	8823	189
16316	12	8823	189
16061	16316	-2169	94
16316	16061	-1275	94
16063	16316	-677	126
16316	16063	5322	126
15042	16316	-1379	111
16316	15042	2436	111
15428	16316	3587	218
16316	15428	10177	218
15045	16316	1190	166
16316	15045	7630	166
17220	16316	8494	323
16316	17220	12602	323
16329	16316	-2561	86
16316	16329	631	86
15946	16316	4280	232
16316	15946	7541	232
15690	16316	542	152
16316	15690	5067	152
15436	16316	4165	230
16316	15436	10418	230
15952	16316	4409	235
16316	15952	7528	235
15060	16316	509	152
16316	15060	7084	152
15323	16316	2134	186
16316	15323	6450	186
16351	16316	-2858	79
16316	16351	-1602	79
15456	16316	3944	225
16316	15456	8204	225
15201	16316	397	149
16316	15201	5597	149
15458	16316	3445	215
16316	15458	8875	215
15076	16316	626	154
16316	15076	4813	154
15204	16316	166	144
16316	15204	5071	144
15462	16316	3687	220
16316	15462	8844	220
16102	16316	-3198	72
16316	16102	1604	72
15209	16316	263	146
16316	15209	6853	146
15210	16316	501	151
16316	15210	5579	151
16364	16316	-2382	90
16316	16364	3388	90
16878	16316	3490	216
16316	16878	10080	216
16627	16316	2537	195
16316	16627	3793	195
15219	16316	382	149
16316	15219	6749	149
15732	16316	962	161
16316	15732	4525	161
16630	16316	3793	222
16316	16630	6634	222
15479	16316	2351	191
16316	15479	5845	191
15224	16316	453	150
16316	15224	5969	150
16249	16316	474	151
16316	16249	3318	151
16123	16316	-1776	103
16316	16123	629	103
15742	16316	1021	163
16316	15742	5338	163
0	16061	558	134
1	16061	558	134
16061	1	6254	134
2	16061	558	134
16061	2	6254	134
3	16061	558	134
16061	3	6254	134
4	16061	558	134
16061	4	6254	134
5	16061	558	134
16061	5	6254	134
6	16061	558	134
16061	6	6254	134
7	16061	558	134
16061	7	6254	134
8	16061	558	134
16061	8	6254	134
9	16061	558	134
16061	9	6254	134
10	16061	558	134
16061	10	6254	134
11	16061	558	134
16061	11	6254	134
16061	12	6254	134
16063	16061	-2592	66
16061	16063	2512	66
15042	16061	-1409	91
16061	15042	1512	91
15428	16061	1171	147
16061	15428	6867	147
15045	16061	-1224	95
16061	15045	4322	95
17220	16061	6390	258
16061	17220	9604	258
16329	16061	49	123
16061	16329	2349	123
15946	16061	1400	152
16061	15946	3767	152
15690	16061	-2624	65
16061	15690	1006	65
15436	16061	2249	170
16061	15436	7608	170
15952	16061	1258	149
16061	15952	3483	149
15060	16061	-603	109
16061	15060	5078	109
15323	16061	465	132
16061	15323	3887	132
16351	16061	-1096	98
16061	16351	-734	98
15456	16061	1736	159
16061	15456	5103	159
15201	16061	-2058	77
16061	15201	2247	77
15458	16061	1411	152
16061	15458	5947	152
15076	16061	-2540	67
16061	15076	753	67
15204	16061	-1772	84
16061	15204	2238	84
15462	16061	700	137
16061	15462	4964	137
16102	16061	-1868	82
16061	16102	2041	82
15209	16061	-2171	75
16061	15209	3524	75
15210	16061	-1629	87
16061	15210	2554	87
16364	16061	-2787	62
16061	16364	2090	62
16878	16061	1386	151
16061	16878	7081	151
16627	16061	433	131
16061	16627	795	131
15219	16061	-1814	83
16061	15219	3659	83
15732	16061	-1289	94
16061	15732	1380	94
16630	16061	1525	154
16061	16630	3472	154
15479	16061	-62	120
16061	15479	2536	120
15224	16061	-2002	79
16061	15224	2619	79
16249	16061	-1777	83
16061	16249	172	83
16123	16061	-2299	72
16061	16123	-787	72
15742	16061	-1082	98
16061	15742	2340	98
0	16063	3248	82
1	16063	3248	82
16063	1	3838	82
2	16063	3248	82
16063	2	3838	82
3	16063	3248	82
16063	3	3838	82
4	16063	3248	82
16063	4	3838	82
5	16063	3248	82
16063	5	3838	82
6	16063	3248	82
16063	6	3838	82
7	16063	3248	82
16063	7	3838	82
8	16063	3248	82
16063	8	3838	82
9	16063	3248	82
16063	9	3838	82
10	16063	3248	82
16063	10	3838	82
11	16063	3248	82
16063	11	3838	82
16063	12	3838	82
15042	16063	1398	42
16063	15042	-784	42
15428	16063	4157	101
16063	15428	4748	101
15045	16063	1760	50
16063	15045	2201	50
17220	16063	11454	258
16063	17220	9562	258
16329	16063	7235	167
16063	16329	4428	167
15946	16063	6315	147
16063	15946	3577	147
15690	16063	2692	70
16063	15690	1217	70
15436	16063	5076	121
16063	15436	5329	121
15952	16063	6173	144
16063	15952	3292	144
15060	16063	2086	57
16063	15060	2662	57
15323	16063	3155	80
16063	15323	1471	80
16351	16063	6088	143
16063	16351	1344	143
15456	16063	4722	113
16063	15456	2984	113
15201	16063	926	32
16063	15201	126	32
15458	16063	4237	103
16063	15458	3668	103
15076	16063	1390	42
16063	15076	-420	42
15204	16063	935	32
16063	15204	-158	32
15462	16063	4257	103
16063	15462	3415	103
16102	16063	2425	64
16063	16102	1229	64
15209	16063	813	30
16063	15209	1403	30
15210	16063	1108	36
16063	15210	187	36
16364	16063	4398	106
16063	16364	4170	106
16878	16063	7644	176
16063	16878	8234	176
16627	16063	6691	156
16063	16627	1948	156
15219	16063	989	33
16063	15219	1357	33
15732	16063	4156	101
16063	15732	1720	101
16630	16063	6777	157
16063	16630	3618	157
15479	16063	2921	75
16063	15479	415	75
15224	16063	982	33
16063	15224	498	33
16249	16063	4481	108
16063	16249	1325	108
16123	16063	508	23
16063	16123	-3084	23
15742	16063	5175	123
16063	15742	3493	123
0	15042	941	79
1	15042	941	79
15042	1	3714	79
2	15042	941	79
15042	2	3714	79
3	15042	941	79
15042	3	3714	79
4	15042	941	79
15042	4	3714	79
5	15042	941	79
15042	5	3714	79
6	15042	941	79
15042	6	3714	79
7	15042	941	79
15042	7	3714	79
8	15042	941	79
15042	8	3714	79
9	15042	941	79
15042	9	3714	79
10	15042	941	79
15042	10	3714	79
11	15042	941	79
15042	11	3714	79
15042	12	3714	79
15428	15042	2207	106
15042	15428	4980	106
15045	15042	-190	55
15042	15045	2434	55
17220	15042	9596	265
15042	17220	9887	265
16329	15042	6090	189
15042	16329	5467	189
15946	15042	4457	154
15042	15946	3902	154
15690	15042	1351	88
15042	15690	2059	88
15436	15042	2873	120
15042	15436	5309	120
15952	15042	4315	151
15042	15952	3618	151
15060	15042	-783	42
15042	15060	1975	42
15323	15042	841	77
15042	15323	1340	77
16351	15042	5088	168
15042	16351	2527	168
15456	15042	2651	116
15042	15456	3095	116
15201	15042	-982	38
15042	15201	400	38
15458	15042	2152	105
15042	15458	3766	105
15076	15042	-152	56
15042	15076	219	56
15204	15042	-1213	33
15042	15204	-124	33
15462	15042	2306	108
15042	15462	3647	108
16102	15042	-459	49
15042	16102	527	49
15209	15042	-1116	35
15042	15209	1656	35
15210	15042	-878	40
15042	15210	382	40
16364	15042	3398	132
15042	16364	5353	132
16878	15042	6644	201
15042	16878	9417	201
16627	15042	5691	181
15042	16627	3131	181
15219	15042	-997	38
15042	15219	1552	38
15732	15042	2780	119
15042	15732	2527	119
16630	15042	4919	164
15042	16630	3944	164
15479	15042	971	80
15042	15479	648	80
15224	15042	-926	39
15042	15224	772	39
16249	15042	3268	129
15042	16249	2295	129
16123	15042	-1883	19
15042	16123	-3293	19
15742	15042	4175	148
15042	15742	4676	148
0	15428	2073	44
1	15428	2073	44
15428	1	2073	44
2	15428	2073	44
15428	2	2073	44
3	15428	2073	44
15428	3	2073	44
4	15428	2073	44
15428	4	2073	44
5	15428	2073	44
15428	5	2073	44
6	15428	2073	44
15428	6	2073	44
7	15428	2073	44
15428	7	2073	44
8	15428	2073	44
15428	8	2073	44
9	15428	2073	44
15428	9	2073	44
10	15428	2073	44
15428	10	2073	44
11	15428	2073	44
15428	11	2073	44
15428	12	2073	44
15045	15428	2520	54
15428	15045	2371	54
17220	15428	8944	191
15428	17220	6462	191
16329	15428	11180	239
15428	16329	7783	239
15946	15428	4655	99
15428	15946	1327	99
15690	15428	3864	82
15428	15690	1799	82
15436	15428	1445	30
15428	15436	1108	30
15952	15428	4513	96
15428	15952	1042	96
15060	15428	3738	80
15428	15060	3723	80
15323	15428	3831	82
15428	15323	1557	82
16351	15428	10033	215
15428	16351	4699	215
15456	15428	748	16
15428	15456	-1580	16
15201	15428	3231	69
15428	15201	1842	69
15458	15428	1147	24
15428	15458	-12	24
15076	15428	3718	79
15428	15076	1316	79
15204	15428	3619	77
15428	15204	1935	77
15462	15428	1301	27
15428	15462	-131	27
16102	15428	7280	156
15428	16102	5494	156
15209	15428	3366	72
15428	15209	3366	72
15210	15428	3240	69
15428	15210	1728	69
16364	15428	8343	178
15428	16364	7525	178
16878	15428	10044	215
15428	16878	10044	215
16627	15428	6749	144
15428	16627	1415	144
15219	15428	3205	68
15428	15219	2982	68
15732	15428	4803	102
15428	15732	1777	102
16630	15428	5142	110
15428	16630	1393	110
15479	15428	2177	46
15428	15479	-918	46
15224	15428	3176	68
15428	15224	2102	68
16249	15428	5291	113
15428	16249	1545	113
16123	15428	5756	123
15428	16123	1573	123
15742	15428	6588	141
15428	15742	4315	141
0	15045	1642	38
1	15045	1642	38
15045	1	1791	38
2	15045	1642	38
15045	2	1791	38
3	15045	1642	38
15045	3	1791	38
4	15045	1642	38
15045	4	1791	38
5	15045	1642	38
15045	5	1791	38
6	15045	1642	38
15045	6	1791	38
7	15045	1642	38
15045	7	1791	38
8	15045	1642	38
15045	8	1791	38
9	15045	1642	38
15045	9	1791	38
10	15045	1642	38
15045	10	1791	38
11	15045	1642	38
15045	11	1791	38
15045	12	1791	38
17220	15045	10114	219
15045	17220	7781	219
16329	15045	9044	197
15045	16329	5797	197
15946	15045	5238	115
15045	15946	2058	115
15690	15045	2622	59
15045	15690	706	59
15436	15045	3325	74
15045	15436	3137	74
15952	15045	5096	112
15045	15952	1774	112
15060	15045	1665	38
15045	15060	1800	38
15323	15045	2302	52
15045	15323	177	52
16351	15045	7898	172
15045	16351	2713	172
15456	15045	2936	66
15045	15456	756	66
15201	15045	685	17
15045	15201	-555	17
15458	15045	2486	56
15045	15458	1476	56
15076	15045	1562	36
15045	15076	-690	36
15204	15045	1073	26
15045	15204	-462	26
15462	15045	2471	56
15045	15462	1187	56
16102	15045	4734	104
15045	16102	3096	104
15209	15045	819	20
15045	15209	968	20
15210	15045	658	17
15045	15210	-703	17
16364	15045	6207	136
15045	16364	5538	136
16878	15045	8802	191
15045	16878	8950	191
16627	15045	6758	148
15045	16627	1573	148
15219	15045	658	17
15045	15219	585	17
15732	15045	3561	79
15045	15732	683	79
16630	15045	5700	125
15045	16630	2100	125
15479	15045	1046	25
15045	15479	-1900	25
15224	15045	630	16
15045	15224	-294	16
16249	15045	4049	89
15045	16249	451	89
16123	15045	3210	71
15045	16123	-824	71
15742	15045	5346	117
15045	15742	3222	117
0	17220	8536	236
1	17220	8536	236
17220	1	11017	236
2	17220	8536	236
17220	2	11017	236
3	17220	8536	236
17220	3	11017	236
4	17220	8536	236
17220	4	11017	236
5	17220	8536	236
17220	5	11017	236
6	17220	8536	236
17220	6	11017	236
7	17220	8536	236
17220	7	11017	236
8	17220	8536	236
17220	8	11017	236
9	17220	8536	236
17220	9	11017	236
10	17220	8536	236
17220	10	11017	236
11	17220	8536	236
17220	11	11017	236
17220	12	11017	236
16329	17220	10517	278
17220	16329	9603	278
15946	17220	5350	167
17220	15946	4503	167
15690	17220	6809	199
17220	15690	7226	199
15436	17220	7724	218
17220	15436	9869	218
15952	17220	5208	164
17220	15952	4219	164
15060	17220	9406	254
17220	15060	11873	254
15323	17220	10043	268
17220	15323	10251	268
16351	17220	10344	274
17220	16351	7492	274
15456	17220	7027	203
17220	15456	7180	203
15201	17220	8097	226
17220	15201	9189	226
15458	17220	7610	216
17220	15458	8932	216
15076	17220	8417	233
17220	15076	8498	233
15204	17220	8587	237
17220	15204	9384	237
15462	17220	5330	167
17220	15462	6379	167
16102	17220	12188	314
17220	16102	12883	314
15209	17220	8231	229
17220	15209	10713	229
15210	17220	8352	232
17220	15210	9322	232
16364	17220	9137	248
17220	16364	10801	248
16878	17220	2758	112
17220	16878	5240	112
16627	17220	7444	212
17220	16627	4592	212
15219	17220	8172	228
17220	15219	10432	228
15732	17220	7028	203
17220	15732	6483	203
16630	17220	5836	178
17220	16630	4569	178
15479	17220	7438	212
17220	15479	6824	212
15224	17220	8065	226
17220	15224	9472	226
16249	17220	7516	214
17220	16249	6252	214
16123	17220	10375	275
17220	16123	8674	275
15742	17220	6685	196
17220	15742	6894	196
0	16329	7580	235
1	16329	7580	235
16329	1	10976	235
2	16329	7580	235
16329	2	10976	235
3	16329	7580	235
16329	3	10976	235
4	16329	7580	235
16329	4	10976	235
5	16329	7580	235
16329	5	10976	235
6	16329	7580	235
16329	6	10976	235
7	16329	7580	235
16329	7	10976	235
8	16329	7580	235
16329	8	10976	235
9	16329	7580	235
16329	9	10976	235
10	16329	7580	235
16329	10	10976	235
11	16329	7580	235
16329	11	10976	235
16329	12	10976	235
15946	16329	6404	210
16329	15946	6472	210
15690	16329	3929	156
16329	15690	5260	156
15436	16329	9046	266
16329	15436	12105	266
15952	16329	6595	214
16329	15952	6521	214
15060	16329	6418	210
16329	15060	9800	210
15323	16329	7487	233
16329	15323	8609	233
16351	16329	-2249	24
16329	16351	-4187	24
15456	16329	8348	251
16329	15456	9416	251
15201	16329	4962	179
16329	15201	6969	179
15458	16329	8432	253
16329	15458	10669	253
15076	16329	4480	168
16329	15076	5475	168
15204	16329	5248	185
16329	15204	6960	185
15462	16329	7254	228
16329	15462	9218	228
16102	16329	3177	140
16329	16102	4787	140
15209	16329	4850	176
16329	15209	8246	176
15210	16329	5392	188
16329	15210	7276	188
16364	16329	-286	66
16329	16364	2291	66
16878	16329	4598	171
16329	16878	7995	171
16627	16329	4619	171
16329	16627	2682	171
15219	16329	5207	184
16329	15219	8381	184
15732	16329	3148	140
16329	15732	3518	140
16630	16329	5917	199
16329	16630	5565	199
15479	16329	6958	221
16329	15479	7259	221
15224	16329	5018	180
16329	15224	7341	180
16249	16329	2660	129
16329	16249	2311	129
16123	16329	4722	173
16329	16123	3935	173
15742	16329	3103	139
16329	15742	4226	139
0	15946	3400	144
1	15946	3400	144
15946	1	6729	144
2	15946	3400	144
15946	2	6729	144
3	15946	3400	144
15946	3	6729	144
4	15946	3400	144
15946	4	6729	144
5	15946	3400	144
15946	5	6729	144
6	15946	3400	144
15946	6	6729	144
7	15946	3400	144
15946	7	6729	144
8	15946	3400	144
15946	8	6729	144
9	15946	3400	144
15946	9	6729	144
10	15946	3400	144
15946	10	6729	144
11	15946	3400	144
15946	11	6729	144
15946	12	6729	144
15690	15946	705	86
15946	15690	1969	86
15436	15946	2589	126
15946	15436	5580	126
15952	15946	-2808	11
15946	15952	-2950	11
15060	15946	3479	145
15946	15060	6793	145
15323	15946	4477	167
15946	15323	5532	167
16351	15946	5325	185
15946	16351	3320	185
15456	15946	1892	111
15946	15456	2891	111
15201	15946	2111	116
15946	15201	4050	116
15458	15946	2474	124
15946	15458	4643	124
15076	15946	2432	123
15946	15076	3359	123
15204	15946	2601	127
15946	15204	4245	127
15462	15946	194	75
15946	15462	2090	75
16102	15946	6183	203
15946	16102	7725	203
15209	15946	2246	119
15946	15209	5574	119
15210	15946	2367	122
15946	15210	4184	122
16364	15946	4076	158
15946	16364	6586	158
16878	15946	4135	159
15946	16878	7464	159
16627	15946	-1234	44
15946	16627	-3239	44
15219	15946	2187	118
15946	15219	5293	118
15732	15946	149	74
15946	15732	451	74
16630	15946	-2841	10
15946	16630	-3262	10
15479	15946	2303	120
15946	15479	2535	120
15224	15946	2079	115
15946	15224	4334	115
16249	15946	637	84
15946	16249	220	84
16123	15946	4271	162
15946	16123	3416	162
15742	15946	-27	70
15946	15742	1028	70
0	15690	2487	97
1	15690	2487	97
15690	1	4552	97
2	15690	2487	97
15690	2	4552	97
3	15690	2487	97
15690	3	4552	97
4	15690	2487	97
15690	4	4552	97
5	15690	2487	97
15690	5	4552	97
6	15690	2487	97
15690	6	4552	97
7	15690	2487	97
15690	7	4552	97
8	15690	2487	97
15690	8	4552	97
9	15690	2487	97
15690	9	4552	97
10	15690	2487	97
15690	10	4552	97
11	15690	2487	97
15690	11	4552	97
15690	12	4552	97
15436	15690	3061	109
15690	15436	4789	109
15952	15690	1827	83
15690	15952	421	83
15060	15690	2127	89
15690	15060	4177	89
15323	15690	3125	111
15690	15323	2916	111
16351	15690	4113	132
15690	16351	845	132
15456	15690	2364	94
15690	15456	2100	94
15201	15690	685	58
15690	15201	1360	58
15458	15690	2947	107
15690	15458	3852	107
15076	15690	203	48
15690	15076	-133	48
15204	15690	970	65
15690	15204	1351	65
15462	15690	1269	71
15690	15462	1902	71
16102	15690	3422	117
15690	16102	3700	117
15209	15690	572	56
15690	15209	2637	56
15210	15690	1015	65
15690	15210	1568	66
16364	15690	2423	96
15690	16364	3670	96
16878	15690	4678	144
15690	16878	6743	144
16627	15690	2641	100
15690	16627	-627	100
15219	15690	835	62
15690	15219	2677	62
15732	15690	-562	32
15690	15732	-1523	32
16630	15690	2123	89
15690	16630	439	89
15479	15690	1010	65
15690	15479	-20	65
15224	15690	727	59
15690	15224	1718	59
16249	15690	-74	42
15690	16249	-1755	42
16123	15690	1510	76
15690	16123	-607	76
15742	15690	1222	70
15690	15742	1015	70
0	15436	1794	45
1	15436	1794	45
15436	1	2131	45
2	15436	1794	45
15436	2	2131	45
3	15436	1794	45
15436	3	2131	45
4	15436	1794	45
15436	4	2131	45
5	15436	1794	45
15436	5	2131	45
6	15436	1794	45
15436	6	2131	45
7	15436	1794	45
15436	7	2131	45
8	15436	1794	45
15436	8	2131	45
9	15436	1794	45
15436	9	2131	45
10	15436	1794	45
15436	10	2131	45
11	15436	1794	45
15436	11	2131	45
15436	12	2131	45
15952	15436	5438	123
15436	15952	2304	123
15060	15436	3639	85
15436	15060	3962	85
15323	15436	3552	83
15436	15323	1615	83
16351	15436	10958	242
15436	16351	5962	242
15456	15436	360	14
15436	15456	-1631	14
15201	15436	3971	92
15436	15201	2918	92
15458	15436	583	19
15436	15458	-238	19
15076	15436	4643	106
15436	15076	2578	106
15204	15436	3928	91
15436	15204	2580	91
15462	15436	2226	54
15436	15462	1131	54
16102	15436	7521	168
15436	16102	6072	168
15209	15436	4105	95
15436	15209	4442	95
15210	15436	3630	85
15436	15210	2455	85
16364	15436	9268	205
15436	16364	8787	205
16878	15436	10969	242
15436	16878	11306	242
16627	15436	7674	171
15436	16627	2677	171
15219	15436	3815	88
15436	15219	3929	88
15732	15436	5728	129
15436	15732	3039	129
16630	15436	6067	137
15436	16630	2655	137
15479	15436	2532	61
15436	15479	-226	61
15224	15436	3916	91
15436	15224	3179	91
16249	15436	6216	140
15436	16249	2807	140
16123	15436	6180	139
15436	16123	2334	139
15742	15436	7513	168
15436	15742	5577	168
0	15952	3116	141
1	15952	3116	141
15952	1	6586	141
2	15952	3116	141
15952	2	6586	141
3	15952	3116	141
15952	3	6586	141
4	15952	3116	141
15952	4	6586	141
5	15952	3116	141
15952	5	6586	141
6	15952	3116	141
15952	6	6586	141
7	15952	3116	141
15952	7	6586	141
8	15952	3116	141
15952	8	6586	141
9	15952	3116	141
15952	9	6586	141
10	15952	3116	141
15952	10	6586	141
11	15952	3116	141
15952	11	6586	141
15952	12	6586	141
15060	15952	3195	142
15952	15060	6651	142
15323	15952	4193	164
15952	15323	5390	164
16351	15952	5374	189
15952	16351	3511	189
15456	15952	1607	108
15952	15456	2749	108
15201	15952	1827	113
15952	15201	3908	113
15458	15952	2190	121
15952	15458	4501	121
15076	15952	2148	120
15952	15076	3217	120
15204	15952	2317	124
15952	15204	4103	124
15462	15952	-89	72
15952	15462	1948	72
16102	15952	5898	200
15952	16102	7583	200
15209	15952	1961	116
15952	15209	5432	116
15210	15952	2083	119
15952	15210	4042	119
16364	15952	4063	161
15952	16364	6715	161
16878	15952	4318	166
15952	16878	7788	166
16627	15952	-856	56
15952	16627	-2719	56
15219	15952	1903	115
15952	15219	5151	115
15732	15952	137	77
15952	15732	581	77
16630	15952	-2464	21
15952	16630	-2742	21
15479	15952	2018	117
15952	15479	2393	117
15224	15952	1795	112
15952	15224	4192	112
16249	15952	624	87
15952	16249	349	87
16123	15952	3987	159
15952	16123	3274	159
15742	15952	350	81
15952	15742	1548	81
0	15060	2030	43
1	15060	2030	43
15060	1	2044	43
2	15060	2030	43
15060	2	2044	43
3	15060	2030	43
15060	3	2044	43
4	15060	2030	43
15060	4	2044	43
5	15060	2030	43
15060	5	2044	43
6	15060	2030	43
15060	6	2044	43
7	15060	2030	43
15060	7	2044	43
8	15060	2030	43
15060	8	2044	43
9	15060	2030	43
15060	9	2044	43
10	15060	2030	43
15060	10	2044	43
11	15060	2030	43
15060	11	2044	43
15060	12	2044	43
15323	15060	1611	34
15060	15323	-648	34
16351	15060	8653	185
15060	16351	3334	185
15456	15060	4012	86
15060	15456	1698	86
15201	15060	1522	32
15060	15201	146	32
15458	15060	3390	72
15060	15458	2245	72
15076	15060	2587	55
15060	15076	200	55
15204	15060	1186	25
15060	15204	-483	25
15462	15060	4230	90
15060	15462	2812	90
16102	15060	4187	90
15060	16102	2415	90
15209	15060	1553	33
15060	15209	1567	33
15210	15060	1249	27
15060	15210	-247	27
16364	15060	6963	149
15060	16364	6159	149
16878	15060	10209	219
15060	16878	10224	219
16627	15060	8313	178
15060	16627	2994	178
15219	15060	1277	27
15060	15219	1069	27
15732	15060	5116	109
15060	15732	2104	109
16630	15060	7255	155
15060	16630	3521	155
15479	15060	2689	57
15060	15479	-392	57
15224	15060	1466	31
15060	15224	406	31
16249	15060	5604	120
15060	16249	1872	120
16123	15060	2846	61
15060	16123	-1322	61
15742	15060	6901	148
15060	15742	4643	148
0	15323	-316	41
1	15323	-316	41
15323	1	1957	41
2	15323	-316	41
15323	2	1957	41
3	15323	-316	41
15323	3	1957	41
4	15323	-316	41
15323	4	1957	41
5	15323	-316	41
15323	5	1957	41
6	15323	-316	41
15323	6	1957	41
7	15323	-316	41
15323	7	1957	41
8	15323	-316	41
15323	8	1957	41
9	15323	-316	41
15323	9	1957	41
10	15323	-316	41
15323	10	1957	41
11	15323	-316	41
15323	11	1957	41
15323	12	1957	41
16351	15323	7463	208
15323	16351	4403	208
15456	15323	1846	88
15323	15456	1792	88
15201	15323	331	55
15323	15201	1215	55
15458	15323	1044	71
15323	15458	2158	71
15076	15323	1396	78
15323	15076	1269	78
15204	15323	-4	48
15323	15204	584	48
15462	15323	2607	104
15323	15462	3449	104
16102	15323	3553	124
15323	16102	4041	124
15209	15323	362	56
15323	15209	2636	56
15210	15323	23	49
15323	15210	785	49
16364	15323	5772	172
15323	16364	7228	172
16878	15323	9019	241
15323	16878	11293	241
16627	15323	7052	199
15323	16627	3992	199
15219	15323	87	50
15323	15219	2138	50
15732	15323	3855	131
15323	15732	3102	131
16630	15323	5994	177
15323	16630	4519	177
15479	15323	766	65
15323	15479	-55	65
15224	15323	275	54
15323	15224	1475	54
16249	15323	4343	141
15323	16249	2871	141
16123	15323	2212	96
