Nodes
0	0	1	0	660
1	0	1	120	600
2	0	1	120	600
3	0	1	120	600
4	0	1	120	600
5	0	1	120	600
6	0	1	120	600
7	0	1	120	600
8	0	1	120	660
18944	10	0	360	480
17403	13	0	360	480
18056	13	0	360	480
17801	15	0	120	240
19081	8	0	360	480
18443	4	0	120	240
18829	7	0	120	240
18446	10	0	120	240
17552	13	0	360	480
19601	12	0	360	480
19602	10	0	360	480
19348	14	0	360	480
17301	7	0	360	480
18074	9	0	360	480
18336	12	0	120	240
16801	8	0	120	240
17313	9	0	360	480
17828	12	0	120	240
17061	12	0	120	240
19111	6	0	360	480
17070	7	0	120	240
18615	4	0	120	240
17853	11	0	120	240
18624	14	0	120	240
17345	7	0	360	480
17220	11	0	120	240
18252	13	0	120	240
19149	9	0	360	480
17872	7	0	120	240
17502	11	0	360	480
17512	6	0	360	480
17772	10	0	120	240
19436	8	0	360	480
19440	9	0	360	480
18932	13	0	360	480
18037	9	0	360	480
19444	10	0	360	480
19063	12	0	360	480
19067	17	0	360	480
Arcs
0	18944	398	51
1	18944	398	51
18944	1	2397	51
2	18944	398	51
18944	2	2397	51
3	18944	398	51
18944	3	2397	51
4	18944	398	51
18944	4	2397	51
5	18944	398	51
18944	5	2397	51
6	18944	398	51
18944	6	2397	51
7	18944	398	51
18944	7	2397	51
18944	8	2397	51
17403	18944	4728	144
18944	17403	6727	144
18056	18944	-33	42
18944	18056	410	42
17801	18944	5168	153
18944	17801	3594	153
19081	18944	781	59
18944	19081	1870	59
18443	18944	5480	160
18944	18443	6968	160
18829	18944	7911	212
18944	18829	5806	212
18446	18944	5534	161
18944	18446	3038	161
17552	18944	3730	122
18944	17552	4883	122
19601	18944	1095	66
18944	19601	1079	66
19602	18944	1018	64
18944	19602	2015	64
19348	18944	1853	82
18944	19348	236	82
17301	18944	6171	175
18944	17301	5577	175
18074	18944	-626	29
18944	18074	16	29
18336	18944	4581	141
18944	18336	1035	141
16801	18944	9378	243
18944	16801	6544	243
17313	18944	4785	145
18944	17313	3783	145
17828	18944	4169	132
18944	17828	4317	132
17061	18944	5526	161
18944	17061	3816	161
19111	18944	170	46
18944	19111	-57	46
17070	18944	4938	148
18944	17070	4221	148
18615	18944	5295	156
18944	18615	6554	156
17853	18944	5895	169
18944	17853	7284	169
18624	18944	3139	110
18944	18624	2516	110
17345	18944	4789	145
18944	17345	5603	145
17220	18944	8898	233
18944	17220	9491	233
18252	18944	1937	84
18944	18252	-1458	84
19149	18944	293	49
18944	19149	1013	49
17872	18944	4140	131
18944	17872	3320	131
17502	18944	4496	139
18944	17502	5137	139
17512	18944	3818	124
18944	17512	5219	124
17772	18944	6401	180
18944	17772	5781	180
19436	18944	-975	21
18944	19436	400	21
19440	18944	-1417	12
18944	19440	23	12
18932	18944	-1254	15
18944	18932	-1033	15
18037	18944	-49	41
18944	18037	891	41
19444	18944	-380	34
18944	19444	139	34
19063	18944	1021	64
18944	19063	1721	64
19067	18944	91	44
18944	19067	-1605	44
0	17403	7196	154
1	17403	7196	154
17403	1	7196	154
2	17403	7196	154
17403	2	7196	154
3	17403	7196	154
17403	3	7196	154
4	17403	7196	154
17403	4	7196	154
5	17403	7196	154
17403	5	7196	154
6	17403	7196	154
17403	6	7196	154
7	17403	7196	154
17403	7	7196	154
17403	8	7196	154
18056	17403	5584	119
17403	18056	4029	119
17801	17403	6172	132
17403	17801	2599	132
19081	17403	5955	127
17403	19081	5045	127
18443	17403	12287	263
17403	18443	11776	263
18829	17403	13385	286
17403	18829	9281	286
18446	17403	11988	256
17403	18446	7493	256
17552	17403	1140	24
17403	17552	293	24
19601	17403	3846	82
17403	19601	1830	82
19602	17403	3805	81
17403	19602	2803	81
19348	17403	4494	96
17403	19348	877	96
17301	17403	1484	31
17403	17301	-1109	31
18074	17403	5566	119
17403	18074	4210	119
18336	17403	11388	244
17403	18336	5842	244
16801	17403	8420	180
17403	16801	3587	180
17313	17403	611	13
17403	17313	-2390	13
17828	17403	6217	133
17403	17828	4365	133
17061	17403	4590	98
17403	17061	880	98
19111	17403	6931	148
17403	19111	4703	148
17070	17403	2935	62
17403	17070	218	62
18615	17403	10770	230
17403	18615	10029	230
17853	17403	5026	107
17403	17853	4416	107
18624	17403	8846	189
17403	18624	6224	189
17345	17403	1942	41
17403	17345	756	41
17220	17403	5330	114
17403	17220	3924	114
18252	17403	6577	140
17403	18252	1182	140
19149	17403	7054	151
17403	19149	5774	151
17872	17403	6442	138
17403	17872	3622	138
17502	17403	1649	35
17403	17502	290	35
17512	17403	1005	21
17403	17512	405	21
17772	17403	7607	163
17403	17772	4987	163
19436	17403	6624	141
17403	19436	6000	141
19440	17403	6526	139
17403	19440	5968	139
18932	17403	6689	143
17403	18932	4911	143
18037	17403	6749	144
17403	18037	5691	144
19444	17403	6196	132
17403	19444	4716	132
19063	17403	5983	128
17403	19063	4684	128
19067	17403	8379	179
17403	19067	4682	179
0	18056	396	41
1	18056	396	41
18056	1	1952	41
2	18056	396	41
18056	2	1952	41
3	18056	396	41
18056	3	1952	41
4	18056	396	41
18056	4	1952	41
5	18056	396	41
18056	5	1952	41
6	18056	396	41
18056	6	1952	41
7	18056	396	41
18056	7	1952	41
18056	8	1952	41
17801	18056	4099	121
18056	17801	2081	121
19081	18056	2473	86
18056	19081	3118	86
18443	18056	5487	150
18056	18443	6531	150
18829	18056	7683	197
18056	18829	5135	197
18446	18056	5541	152
18056	18446	2601	152
17552	18056	2935	96
18056	17552	3644	96
19601	18056	300	39
18056	19601	-159	39
19602	18056	223	38
18056	19602	776	38
19348	18056	2293	82
18056	19348	232	82
17301	18056	5472	150
18056	17301	4434	150
18074	18056	-737	17
18056	18074	-538	17
18336	18056	4588	131
18056	18336	598	131
16801	18056	8308	211
18056	16801	5031	211
17313	18056	4640	132
18056	17313	3194	132
17828	18056	2872	94
18056	17828	2576	94
17061	18056	4230	123
18056	17061	2075	123
19111	18056	2022	76
18056	19111	1350	76
17070	18056	4143	122
18056	17070	2982	122
18615	18056	5068	141
18056	18615	5883	141
17853	18056	4598	131
18056	17853	5543	131
18624	18056	3145	100
18056	18624	2077	100
17345	18056	3994	118
18056	17345	4364	118
17220	18056	8103	206
18056	17220	8252	206
18252	18056	876	52
18056	18252	-2963	52
19149	18056	2145	79
18056	19149	2420	79
17872	18056	3071	99
18056	17872	1806	99
17502	18056	3701	112
18056	17502	3898	112
17512	18056	3023	98
18056	17512	3980	98
17772	18056	5340	147
18056	17772	4276	147
19436	18056	876	52
18056	19436	1807	52
19440	18056	433	42
18056	19440	1430	42
18932	18056	597	46
18056	18932	374	46
18037	18056	-50	32
18056	18037	446	32
19444	18056	1471	64
18056	19444	1547	64
19063	18056	2501	86
18056	19063	2758	86
19067	18056	2389	84
18056	19067	248	84
0	17801	3031	141
1	17801	3031	141
17801	1	6604	141
2	17801	3031	141
17801	2	6604	141
3	17801	3031	141
17801	3	6604	141
4	17801	3031	141
17801	4	6604	141
5	17801	3031	141
17801	5	6604	141
6	17801	3031	141
17801	6	6604	141
7	17801	3031	141
17801	7	6604	141
17801	8	6604	141
19081	17801	5387	192
17801	19081	8051	192
18443	17801	5075	185
17801	18443	8136	185
18829	17801	3738	156
17801	18829	3208	156
18446	17801	3136	143
17801	18446	2214	143
17552	17801	2100	121
17801	17552	4827	121
19601	17801	1372	105
17801	19601	2929	105
19602	17801	1413	106
17801	19602	3984	106
19348	17801	4685	176
17801	19348	4641	176
17301	17801	2322	126
17801	17301	3302	126
18074	17801	2723	134
17801	18074	4940	134
18336	17801	5938	203
17801	18336	3966	203
16801	17801	636	90
17801	16801	-623	90
17313	17801	3210	145
17801	17313	3782	145
17828	17801	-2104	31
17801	17828	-382	31
17061	17801	-1274	49
17801	17061	-1410	49
19111	17801	5367	191
17801	19111	6713	191
17070	17801	149	79
17801	17070	1005	79
18615	17801	1789	114
17801	18615	4622	114
17853	17801	-2427	24
17801	17853	536	24
18624	17801	1386	106
17801	18624	2337	106
17345	17801	1050	99
17801	17345	3438	99
17220	17801	1916	117
17801	17220	4084	117
18252	17801	-40	75
17801	18252	-1862	75
19149	17801	5490	194
17801	19149	7784	194
17872	17801	-2328	26
17801	17872	-1575	26
17502	17801	1334	105
17801	17502	3548	105
17512	17801	2436	128
17801	17512	5410	128
17772	17801	-2138	30
17801	17772	-1184	30
19436	17801	4221	167
17801	19436	7171	167
19440	17801	3779	157
17801	19440	6794	157
18932	17801	3942	161
17801	18932	5737	161
18037	17801	2583	131
17801	18037	5098	131
19444	17801	4816	179
17801	19444	6910	179
19063	17801	5415	192
17801	19063	7690	192
19067	17801	5572	195
17801	19067	5449	195
0	19081	3903	103
1	19081	3903	103
19081	1	4813	103
2	19081	3903	103
19081	2	4813	103
3	19081	3903	103
19081	3	4813	103
4	19081	3903	103
19081	4	4813	103
5	19081	3903	103
19081	5	4813	103
6	19081	3903	103
19081	6	4813	103
7	19081	3903	103
19081	7	4813	103
19081	8	4813	103
18443	19081	8986	212
19081	18443	9384	212
18829	19081	11416	264
19081	18829	8222	264
18446	19081	9040	213
19081	18446	5455	213
17552	19081	4308	111
19081	17552	4372	111
19601	19081	3160	87
19081	19601	2054	87
19602	19081	3064	85
19081	19602	2972	85
19348	19081	573	31
19081	19348	-2132	31
17301	19081	6359	155
19081	17301	4676	155
18074	19081	2460	72
19081	18074	2015	72
18336	19081	8086	192
19081	18336	3451	192
16801	19081	12260	282
19081	16801	8338	282
17313	19081	4682	119
19081	17313	2591	119
17828	19081	6581	160
19081	17828	5640	160
17061	19081	7939	189
19081	17061	5139	189
19111	19081	610	32
19081	19111	-706	32
17070	19081	6359	155
19081	17070	4553	155
18615	19081	8801	208
19081	18615	8971	208
17853	19081	8307	197
19081	17853	8607	197
18624	19081	6645	161
19081	18624	4933	161
17345	19081	5367	134
19081	17345	5091	134
17220	19081	10335	240
19081	17220	9839	240
18252	19081	5257	132
19081	18252	772	132
19149	19081	585	32
19081	19149	215	32
17872	19081	6806	165
19081	17872	4896	165
17502	19081	5073	128
19081	17502	4625	128
17512	19081	4271	111
19081	17512	4582	111
17772	19081	9486	222
19081	17772	7776	222
19436	19081	846	37
19081	19436	1132	37
19440	19081	1289	47
19081	19440	1640	47
18932	19081	1302	47
19081	18932	434	47
18037	19081	3456	93
19081	18037	3308	93
19444	19081	367	27
19081	19444	-201	27
19063	19081	-670	5
19081	19063	-1059	5
19067	19081	1917	60
19081	19067	-868	60
0	18443	4579	109
1	18443	4579	109
18443	1	5091	109
2	18443	4579	109
18443	2	5091	109
3	18443	4579	109
18443	3	5091	109
4	18443	4579	109
18443	4	5091	109
5	18443	4579	109
18443	5	5091	109
6	18443	4579	109
18443	6	5091	109
7	18443	4579	109
18443	7	5091	109
18443	8	5091	109
18829	18443	4708	111
18443	18829	1115	111
18446	18443	2383	62
18443	18446	-1600	62
17552	18443	10682	239
18443	17552	10348	239
19601	18443	7931	180
18443	19601	6427	180
19602	18443	7971	181
18443	19602	7481	181
19348	18443	10380	233
18443	19348	7276	233
17301	18443	13219	294
18443	17301	11137	294
18074	18443	7215	165
18443	18074	6371	165
18336	18443	1758	48
18443	18336	-3275	48
16801	18443	11941	266
18443	16801	7620	266
17313	18443	12387	276
18443	17313	9897	276
17828	18443	7828	178
18443	17828	6487	178
17061	18443	9868	222
18443	17061	6670	222
19111	18443	8512	193
18443	19111	6796	193
17070	18443	11256	252
18443	17070	9051	252
18615	18443	2773	70
18443	18615	2544	70
17853	18443	9282	209
18443	17853	9184	209
18624	18443	3672	89
18443	18624	1562	89
17345	18443	11591	259
18443	17345	10917	259
17220	18443	13626	302
18443	17220	12732	302
18252	18443	5941	138
18443	18252	1058	138
19149	18443	8518	193
18443	19149	7749	193
17872	18443	7603	173
18443	17872	5295	173
17502	18443	11448	256
18443	17502	10601	256
17512	18443	10770	241
18443	17512	10683	241
17772	18443	7361	168
18443	17772	5253	168
19436	18443	7627	174
18443	19436	7515	174
19440	18443	7185	164
18443	19440	7138	164
18932	18443	7348	168
18443	18932	6082	168
18037	18443	5108	120
18443	18037	4561	120
19444	18443	8222	187
18443	19444	7255	187
19063	18443	9624	217
18443	19063	8836	217
19067	18443	7824	178
18443	19067	4639	178
0	18829	3417	161
1	18829	3417	161
18829	1	7521	161
2	18829	3417	161
18829	2	7521	161
3	18829	3417	161
18829	3	7521	161
4	18829	3417	161
18829	4	7521	161
5	18829	3417	161
18829	5	7521	161
6	18829	3417	161
18829	6	7521	161
7	18829	3417	161
18829	7	7521	161
18829	8	7521	161
18446	18829	-1269	60
18829	18446	-1660	60
17552	18829	8187	263
18829	17552	11445	263
19601	18829	5464	205
18829	19601	7552	205
19602	18829	5504	205
18829	19602	8606	205
19348	18829	8691	274
18829	19348	9178	274
17301	18829	9104	283
18829	17301	10614	283
18074	18829	5898	214
18829	18074	8647	214
18336	18829	2967	151
18829	18336	1526	151
16801	18829	5457	204
18829	16801	4728	204
17313	18829	9892	299
18829	17313	10994	299
17828	18829	3490	162
18829	17828	5742	162
17061	18829	5506	205
18829	17061	5901	205
19111	18829	7349	245
18829	19111	9226	245
17070	18829	6930	236
18829	17070	8318	236
18615	18829	-1488	56
18829	18615	1874	56
17853	18829	4353	181
18829	17853	7848	181
18624	18829	1470	119
18829	18624	2952	119
17345	18829	7832	255
18829	17345	10750	255
17220	18829	8566	271
18829	17220	11264	271
18252	18829	2703	145
18829	18252	1412	145
19149	18829	7356	245
18829	19149	10180	245
17872	18829	3265	157
18829	17872	4549	157
17502	18829	8115	261
18829	17502	10861	261
17512	18829	8276	265
18829	17512	11780	265
17772	18829	1773	125
18829	17772	3257	125
19436	18829	6465	226
18829	19436	9945	226
19440	18829	6023	217
18829	19440	9568	217
18932	18829	6186	220
18829	18932	8512	220
18037	18829	3946	172
18829	18037	6992	172
19444	18829	7060	239
18829	19444	9685	239
19063	18829	8462	269
18829	19063	11267	269
19067	18829	6662	230
18829	19067	7070	230
0	18446	649	110
1	18446	649	110
18446	1	5145	110
2	18446	649	110
18446	2	5145	110
3	18446	649	110
18446	3	5145	110
4	18446	649	110
18446	4	5145	110
5	18446	649	110
18446	5	5145	110
6	18446	649	110
18446	6	5145	110
7	18446	649	110
18446	7	5145	110
18446	8	5145	110
17552	18446	6400	233
18446	17552	10049	233
19601	18446	3677	175
18446	19601	6156	175
19602	18446	3716	175
18446	19602	7210	175
19348	18446	6451	234
18446	19348	7329	234
17301	18446	8110	270
18446	17301	10012	270
18074	18446	3285	166
18446	18074	6425	166
18336	18446	158	99
18446	18336	-891	99
16801	18446	6018	225
18446	16801	5681	225
17313	18446	8104	270
18446	17313	9598	269
17828	18446	1905	137
18446	17828	4548	137
17061	18446	3945	180
18446	17061	4731	180
19111	18446	4582	194
18446	19111	6849	194
17070	18446	5369	211
18446	17070	7148	211
18615	18446	-3149	28
18446	18615	605	28
17853	18446	3359	168
18446	17853	7245	168
18624	18446	-455	86
18446	18624	1417	86
17345	18446	6271	230
18446	17345	9580	230
17220	18446	7704	261
18446	17220	10793	261
18252	18446	915	115
18446	18252	15	115
19149	18446	4588	194
18446	19149	7803	194
17872	18446	1680	132
18446	17872	3356	132
17502	18446	6554	236
18446	17502	9691	236
17512	18446	6488	235
18446	17512	10384	235
17772	18446	1438	127
18446	17772	3314	127
19436	18446	3698	175
18446	19436	7569	175
19440	18446	3255	166
18446	19440	7192	166
18932	18446	3418	169
18446	18932	6136	169
18037	18446	1178	121
18446	18037	4615	121
19444	18446	4293	188
18446	19444	7309	188
19063	18446	5694	218
18446	19063	8890	218
19067	18446	3894	179
18446	19067	4693	179
0	17552	5256	130
1	17552	5256	130
17552	1	6103	130
2	17552	5256	130
17552	2	6103	130
3	17552	5256	130
17552	3	6103	130
4	17552	5256	130
17552	4	6103	130
5	17552	5256	130
17552	5	6103	130
6	17552	5256	130
17552	6	6103	130
7	17552	5256	130
17552	7	6103	130
17552	8	6103	130
19601	17552	1906	58
17552	19601	736	58
19602	17552	1866	58
17552	19602	1710	58
19348	17552	2910	80
17552	19348	140	80
17301	17552	1737	55
17552	17301	-9	55
18074	17552	3626	95
17552	18074	3117	95
18336	17552	9448	220
17552	18336	4749	220
16801	17552	7512	179
17552	16801	3525	179
17313	17552	905	37
17552	17313	-1250	37
17828	17552	4277	109
17552	17828	3272	109
17061	17552	2860	79
17552	17061	-2	79
19111	17552	5347	132
17552	19111	3966	132
17070	17552	1205	43
17552	17070	-665	43
18615	17552	8830	207
17552	18615	8936	207
17853	17552	4082	105
17552	17853	4318	105
18624	17552	6906	166
17552	18624	5130	166
17345	17552	212	22
17552	17345	-126	22
17220	17552	5456	135
17552	17220	4896	135
18252	17552	4638	117
17552	18252	89	117
19149	17552	5471	135
17552	19149	5037	135
17872	17552	4502	114
17552	17872	2528	114
17502	17552	-80	16
17552	17502	-592	16
17512	17552	-509	7
17552	17512	-262	7
17772	17552	6262	152
17552	17772	4488	152
19436	17552	5040	126
17552	19436	5262	126
19440	17552	4683	118
17552	19440	4970	118
18932	17552	4846	121
17552	18932	3914	121
18037	17552	4809	121
17552	18037	4597	121
19444	17552	4613	116
17552	19444	3979	116
19063	17552	4400	112
17552	19063	3947	112
19067	17552	6795	163
17552	19067	3945	163
0	19601	1336	71
1	19601	1336	71
19601	1	3352	71
2	19601	1336	71
19601	2	3352	71
3	19601	1336	71
19601	3	3352	71
4	19601	1336	71
19601	4	3352	71
5	19601	1336	71
19601	5	3352	71
6	19601	1336	71
19601	6	3352	71
7	19601	1336	71
19601	7	3352	71
19601	8	3352	71
19602	19601	-1919	2
19601	19602	-905	2
19348	19601	1875	83
19601	19348	274	83
17301	19601	3273	113
19601	17301	2696	113
18074	19601	-178	39
19601	18074	482	39
18336	19601	5527	161
19601	18336	1998	161
16801	19601	7139	196
19601	16801	4323	196
17313	19601	2441	95
19601	17313	1456	95
17828	19601	1460	74
19601	17828	1625	74
17061	19601	2817	103
19601	17061	1124	103
19111	19601	2466	96
19601	19111	2255	96
17070	19601	1863	83
19601	17070	1163	83
18615	19601	4937	149
19601	18615	6213	149
17853	19601	3186	111
19601	17853	4592	111
18624	19601	3013	107
19601	18624	2407	107
17345	19601	1795	81
19601	17345	2626	81
17220	19601	5823	167
19601	17220	6433	167
18252	19601	745	59
19601	18252	-2633	59
19149	19601	2589	98
19601	19149	3325	98
17872	19601	1685	79
19601	17872	881	79
17502	19601	1502	75
19601	17502	2160	75
17512	19601	825	60
19601	17512	2242	60
17772	19601	4364	136
19601	17772	3761	136
19436	19601	1320	71
19601	19436	2712	71
19440	19601	878	62
19601	19440	2335	62
18932	19601	1041	65
19601	18932	1279	65
18037	19601	888	62
19601	18037	1846	62
19444	19601	1915	84
19601	19444	2452	84
19063	19601	2082	87
19601	19063	2800	87
19067	19601	3077	109
19601	19067	1397	109
0	19602	2390	72
1	19602	2390	72
19602	1	3392	72
2	19602	2390	72
19602	2	3392	72
3	19602	2390	72
19602	3	3392	72
4	19602	2390	72
19602	4	3392	72
5	19602	2390	72
19602	5	3392	72
6	19602	2390	72
19602	6	3392	72
7	19602	2390	72
19602	7	3392	72
19602	8	3392	72
19348	19602	2792	81
19602	19348	178	81
17301	19602	4247	112
19602	17301	2655	112
18074	19602	758	37
19602	18074	404	37
18336	19602	6581	162
19602	18336	2038	162
16801	19602	8194	197
19602	16801	4363	197
17313	19602	3415	94
19602	17313	1415	94
17828	19602	2515	75
19602	17828	1665	75
17061	19602	3872	104
19602	17061	1165	104
19111	19602	3403	94
19602	19111	2177	94
17070	19602	2918	84
19602	17070	1203	84
18615	19602	5991	149
19602	18615	6253	149
17853	19602	4241	112
19602	17853	4633	112
18624	19602	4068	108
19602	18624	2447	108
17345	19602	2769	80
19602	17345	2585	80
17220	19602	6877	168
19602	17220	6474	168
18252	19602	1799	60
19602	18252	-2593	60
19149	19602	3526	97
19602	19149	3248	97
17872	19602	2740	80
19602	17872	922	80
17502	19602	2476	74
19602	17502	2119	74
17512	19602	1798	60
19602	17512	2201	60
17772	19602	5419	137
19602	17772	3801	137
19436	19602	2257	69
19602	19436	2635	69
19440	19602	1814	60
19602	19440	2258	60
18932	19602	1977	63
19602	18932	1201	63
18037	19602	1942	63
19602	18037	1886	63
19444	19602	2852	82
19602	19444	2374	82
19063	19602	3000	85
19602	19063	2703	85
19067	19602	4014	107
19602	19067	1319	107
0	19348	2184	124
1	19348	2184	124
19348	1	5801	124
2	19348	2184	124
19348	2	5801	124
3	19348	2184	124
19348	3	5801	124
4	19348	2184	124
19348	4	5801	124
5	19348	2184	124
19348	5	5801	124
6	19348	2184	124
19348	6	5801	124
7	19348	2184	124
19348	7	5801	124
19348	8	5801	124
17301	19348	2169	123
19348	17301	3192	123
18074	19348	-404	68
19348	18074	1856	68
18336	19348	6376	214
19348	18336	4447	214
16801	19348	8498	259
19348	16801	7282	259
17313	19348	492	88
19348	17313	1107	88
17828	19348	3172	145
19348	17828	4937	145
17061	19348	3847	159
19348	17061	3754	159
19111	19348	-652	63
19348	19111	736	63
17070	19348	2191	124
19348	17070	3091	124
18615	19348	6563	218
19348	18615	9439	218
17853	19348	4898	182
19348	17853	7904	182
18624	19348	4639	176
19348	18624	5633	176
17345	19348	1199	103
19348	17345	3630	103
17220	19348	6167	209
19348	17220	8378	209
18252	19348	2371	128
19348	18252	592	128
19149	19348	-677	62
19348	19149	1659	62
17872	19348	3397	150
19348	17872	4193	150
17502	19348	906	96
19348	17502	3164	96
17512	19348	103	79
19348	17512	3120	79
17772	19348	6076	207
19348	17772	7073	207
19436	19348	-563	65
19348	19436	2429	65
19440	19348	-120	74
19348	19440	2937	74
18932	19348	-107	75
19348	18932	1731	75
18037	19348	1737	114
19348	18037	4295	114
19444	19348	-990	56
19348	19444	1146	56
19063	19348	-2104	32
19348	19063	212	32
19067	19348	654	91
19348	19067	575	91
0	17301	6046	185
1	17301	6046	185
17301	1	8640	185
2	17301	6046	185
17301	2	8640	185
3	17301	6046	185
17301	3	8640	185
4	17301	6046	185
17301	4	8640	185
5	17301	6046	185
17301	5	8640	185
6	17301	6046	185
17301	6	8640	185
7	17301	6046	185
17301	7	8640	185
17301	8	8640	185
18074	17301	4416	150
17301	18074	5654	150
18336	17301	10238	274
17301	18336	7286	274
16801	17301	5550	174
17301	16801	3310	174
17313	17301	-498	44
17301	17313	-906	44
17828	17301	3930	139
17301	17828	4672	139
17061	17301	1808	94
17301	17061	692	94
19111	17301	5781	179
17301	19111	6147	179
17070	17301	1784	93
17301	17070	1661	93
18615	17301	8665	241
17301	18615	10518	241
17853	17301	2156	101
17301	17853	4140	101
18624	17301	7696	220
17301	18624	7667	220
17345	17301	792	72
17301	17345	2200	72
17220	17301	1667	91
17301	17220	2855	91
18252	17301	5427	171
17301	18252	2626	171
19149	17301	5904	182
17301	19149	7217	182
17872	17301	4155	144
17301	17872	3928	144
17502	17301	499	66
17301	17502	1733	66
17512	17301	-144	52
17301	17512	1849	52
17772	17301	4737	157
17301	17772	4711	157
19436	17301	5473	172
17301	19436	7443	172
19440	17301	5376	170
17301	19440	7411	170
18932	17301	5539	174
17301	18932	6355	174
18037	17301	5599	175
17301	18037	7134	175
19444	17301	5046	163
17301	19444	6160	163
19063	17301	4704	156
17301	19063	5999	156
19067	17301	7228	210
17301	19067	6126	210
0	18074	1280	56
1	18074	1280	56
18074	1	2636	56
2	18074	1280	56
18074	2	2636	56
3	18074	1280	56
18074	3	2636	56
4	18074	1280	56
18074	4	2636	56
5	18074	1280	56
18074	5	2636	56
6	18074	1280	56
18074	6	2636	56
7	18074	1280	56
18074	7	2636	56
18074	8	2636	56
18336	18074	5472	146
18074	18336	1282	146
16801	18074	9150	225
18074	16801	5673	225
17313	18074	4788	131
18074	17313	3143	131
17828	18074	3714	108
18074	17828	3218	108
17061	18074	5071	137
18074	17061	2717	137
19111	18074	1404	59
18074	19111	532	59
17070	18074	4325	121
18074	17070	2964	121
18615	18074	6032	158
18074	18615	6647	158
17853	18074	5439	145
18074	17853	6185	145
18624	18074	4030	115
18074	18624	2763	115
17345	18074	4176	118
18074	17345	4346	118
17220	18074	8284	206
18074	17220	8234	206
18252	18074	1893	69
18074	18252	-2145	69
19149	18074	1527	61
18074	19149	1603	61
17872	18074	3913	112
18074	17872	2448	112
17502	18074	3883	112
18074	17502	3880	112
17512	18074	3205	97
18074	17512	3961	97
17772	18074	6358	165
18074	17772	5094	165
19436	18074	258	34
18074	19436	990	34
19440	18074	-183	25
18074	19440	613	25
18932	18074	-20	28
18074	18932	-443	28
18037	18074	833	46
18074	18037	1130	46
19444	18074	853	47
18074	19444	729	47
19063	18074	2064	73
18074	19063	2121	73
19067	18074	2015	72
18074	19067	-325	72
0	18336	-1353	89
1	18336	-1353	89
18336	1	4191	89
2	18336	-1353	89
18336	2	4191	89
3	18336	-1353	89
18336	3	4191	89
4	18336	-1353	89
18336	4	4191	89
5	18336	-1353	89
18336	5	4191	89
6	18336	-1353	89
18336	6	4191	89
7	18336	-1353	89
18336	7	4191	89
18336	8	4191	89
16801	18336	8079	291
18336	16801	8791	291
17313	18336	6453	257
18336	17313	8997	257
17828	18336	3229	188
18336	17828	6923	188
17061	18336	5244	231
18336	17061	7080	231
19111	18336	2578	174
18336	19111	5896	174
17070	18336	5770	242
18336	17070	8598	242
18615	18336	-1088	95
18336	18615	3716	95
17853	18336	5112	228
18336	17853	10047	228
18624	18336	-993	97
18336	18624	1928	97
17345	18336	5808	243
18336	17345	10168	243
17220	18336	9240	316
18336	17220	13380	316
18252	18336	1274	146
18336	18252	1425	146
19149	18336	2585	174
18336	19149	6850	174
17872	18336	3181	187
18336	17872	5906	187
17502	18336	5515	237
18336	17502	9702	237
17512	18336	4837	222
18336	17512	9783	222
17772	18336	3499	193
18336	17772	6424	193
19436	18336	1694	155
18336	19436	6616	155
19440	18336	1252	145
18336	19440	6239	145
18932	18336	1415	149
18336	18932	5182	149
18037	18336	-824	101
18336	18037	3662	101
19444	18336	2289	167
18336	19444	6355	167
19063	18336	3691	197
18336	19063	7937	197
19067	18336	1891	159
18336	19067	3740	159
0	16801	5981	231
1	16801	5981	231
16801	1	10814	231
2	16801	5981	231
16801	2	10814	231
3	16801	5981	231
16801	3	10814	231
4	16801	5981	231
16801	4	10814	231
5	16801	5981	231
16801	5	10814	231
6	16801	5981	231
16801	6	10814	231
7	16801	5981	231
16801	7	10814	231
16801	8	10814	231
17313	16801	4198	193
16801	17313	6029	193
17828	16801	846	121
16801	17828	3827	121
17061	16801	-181	99
16801	17061	941	99
19111	16801	8317	281
16801	19111	10923	281
17070	16801	1574	137
16801	17070	3691	137
18615	16801	4334	196
16801	18615	8427	196
17853	16801	-742	87
16801	17853	3480	87
18624	16801	4337	196
16801	18624	6547	196
17345	16801	2476	156
16801	17345	6123	156
17220	16801	-228	98
16801	17220	3198	98
18252	16801	2909	165
16801	18252	2347	165
19149	16801	8441	284
16801	19149	11994	284
17872	16801	621	116
16801	17872	2634	116
17502	16801	2759	162
16801	17502	6234	162
17512	16801	3862	186
16801	17512	8096	186
17772	16801	-252	98
16801	17772	1960	98
19436	16801	7172	257
16801	19436	11380	257
19440	16801	6729	247
16801	19440	11003	247
18932	16801	6892	251
16801	18932	9947	251
18037	16801	5534	222
16801	18037	9308	222
19444	16801	7767	270
16801	19444	11120	270
19063	16801	8366	282
16801	19063	11900	282
19067	16801	8523	286
16801	19067	9659	286
0	17313	4806	167
1	17313	4806	167
17313	1	7807	167
2	17313	4806	167
17313	2	7807	167
3	17313	4806	167
17313	3	7807	167
4	17313	4806	167
17313	4	7807	167
5	17313	4806	167
17313	5	7807	167
6	17313	4806	167
17313	6	7807	167
7	17313	4806	167
17313	7	7807	167
17313	8	7807	167
17828	17313	3826	146
17313	17828	4976	146
17061	17313	2200	111
17313	17061	1491	111
19111	17313	3987	149
17313	19111	4761	149
17070	17313	544	75
17313	17070	829	75
18615	17313	8379	243
17313	18615	10640	243
17853	17313	2636	120
17313	17853	5027	120
18624	17313	6456	202
17313	18624	6835	202
17345	17313	-447	54
17313	17345	1367	54
17220	17313	2939	127
17313	17220	4535	127
18252	17313	4187	154
17313	18252	1793	154
19149	17313	4046	151
17313	19149	5768	151
17872	17313	4051	151
17313	17872	4233	151
17502	17313	-741	48
17313	17502	901	48
17512	17313	-1385	34
17313	17512	1017	34
17772	17313	5217	176
17313	17772	5598	176
19436	17313	3679	143
17313	19436	6057	143
19440	17313	3582	141
17313	19440	6025	141
18932	17313	3745	144
17313	18932	4969	144
18037	17313	4358	157
17313	18037	6302	157
19444	17313	3252	134
17313	19444	4774	134
19063	17313	2619	120
17313	19063	4321	120
19067	17313	5378	179
17313	19067	4684	179
0	17828	3773	120
1	17828	3773	120
17828	1	5625	120
2	17828	3773	120
17828	2	5625	120
3	17828	3773	120
17828	3	5625	120
4	17828	3773	120
17828	4	5625	120
5	17828	3773	120
17828	5	5625	120
6	17828	3773	120
17828	6	5625	120
7	17828	3773	120
17828	7	5625	120
17828	8	5625	120
17061	17828	269	45
17828	17061	-1588	45
19111	17828	5862	165
17828	19111	5487	165
17070	17828	1693	75
17828	17070	828	75
18615	17828	3202	108
17828	18615	4314	108
17853	17828	638	53
17828	17853	1880	53
18624	17828	2371	90
17828	18624	1601	90
17345	17828	2595	95
17828	17345	3261	95
17220	17828	4266	131
17828	17220	4712	131
18252	17828	701	54
17828	18252	-2841	54
19149	17828	5986	167
17828	19149	6557	167
17872	17828	-1627	4
17828	17872	-2595	4
17502	17828	2878	101
17828	17502	3371	101
17512	17828	3360	111
17828	17512	4613	111
17772	17828	1052	62
17828	17772	284	62
19436	17828	4716	140
17828	19436	5944	140
19440	17828	4274	131
17828	19440	5567	131
18932	17828	4437	134
17828	18932	4511	134
18037	17828	3326	110
17828	18037	4119	110
19444	17828	5311	153
17828	19444	5684	153
19063	17828	5668	161
17828	19063	6221	161
19067	17828	6295	174
17828	19067	4450	174
0	17061	3331	150
1	17061	3331	150
17061	1	7041	150
2	17061	3331	150
17061	2	7041	150
3	17061	3331	150
17061	3	7041	150
4	17061	3331	150
17061	4	7041	150
5	17061	3331	150
17061	5	7041	150
6	17061	3331	150
17061	6	7041	150
7	17061	3331	150
17061	7	7041	150
17061	8	7041	150
19111	17061	5362	194
17061	19111	6844	194
17070	17061	-1953	37
17061	17070	-960	37
18615	17061	3385	152
17061	18615	6354	152
17853	17061	-2451	26
17061	17853	648	26
18624	17061	2528	133
17061	18624	3615	133
17345	17061	-1051	56
17061	17345	1472	56
17220	17061	286	85
17061	17220	2590	85
18252	17061	259	85
17061	18252	-1425	85
19149	17061	5485	197
17061	19149	7915	197
17872	17061	-1363	50
17061	17872	-473	50
17502	17061	-768	63
17061	17502	1582	63
17512	17061	334	86
17061	17512	3444	86
17772	17061	24	80
17061	17772	1113	80
19436	17061	4216	169
17061	19436	7302	169
19440	17061	3773	160
17061	19440	6925	160
18932	17061	3937	163
17061	18932	5868	163
18037	17061	2884	141
17061	18037	5535	141
19444	17061	4811	182
17061	19444	7041	182
19063	17061	5167	190
17061	19063	7578	190
19067	17061	5794	203
17061	19067	5808	203
0	19111	1975	90
1	19111	1975	90
19111	1	4202	90
2	19111	1975	90
19111	2	4202	90
3	19111	1975	90
19111	3	4202	90
4	19111	1975	90
19111	4	4202	90
5	19111	1975	90
19111	5	4202	90
6	19111	1975	90
19111	6	4202	90
7	19111	1975	90
19111	7	4202	90
19111	8	4202	90
17070	19111	6018	176
19111	17070	5529	176
18615	19111	6611	189
19111	18615	8098	189
17853	19111	7212	202
19111	17853	8830	202
18624	19111	4455	143
19111	18624	4060	143
17345	19111	5025	155
19111	17345	6067	155
17220	19111	9993	261
19111	17220	10815	261
18252	19111	3514	123
19111	18252	347	123
19149	19111	-2104	2
19111	19149	-1156	2
17872	19111	5685	169
19111	17872	5093	169
17502	19111	4732	149
19111	17502	5601	149
17512	19111	3929	131
19111	17512	5558	131
17772	19111	7979	218
19111	17772	7586	218
19436	19111	-1080	24
19111	19436	523	24
19440	19111	-639	34
19111	19440	1029	34
18932	19111	-626	34
19111	18932	-176	34
18037	19111	1527	80
19111	18037	2697	80
19444	19111	-1412	17
19111	19444	-664	17
19063	19111	-467	37
19111	19063	461	37
19067	19111	-780	31
19111	19067	-2248	31
0	17070	4407	152
1	17070	4407	152
17070	1	7123	152
2	17070	4407	152
17070	2	7123	152
3	17070	4407	152
17070	3	7123	152
4	17070	4407	152
17070	4	7123	152
5	17070	4407	152
17070	5	7123	152
6	17070	4407	152
17070	6	7123	152
7	17070	4407	152
17070	7	7123	152
17070	8	7123	152
18615	17070	5802	182
17070	18615	7778	182
17853	17070	261	63
17070	17853	2367	63
18624	17070	4867	162
17070	18624	4961	162
17345	17070	-1714	21
17070	17345	-183	21
17220	17070	1598	92
17070	17220	2908	92
18252	17070	2598	113
17070	18252	-79	113
19149	17070	5652	179
17070	19149	7089	179
17872	17070	1053	80
17070	17872	950	80
17502	17070	-1430	27
17070	17502	-72	27
17512	17070	-328	51
17070	17512	1789	51
17772	17070	2440	110
17070	17772	2537	110
19436	17070	4463	153
17070	19436	6555	153
19440	17070	4020	144
17070	19440	6178	144
18932	17070	4183	147
17070	18932	5122	147
18037	17070	3959	143
17070	18037	5618	143
19444	17070	4794	160
17070	19444	6031	160
19063	17070	4581	156
17070	19063	5999	156
19067	17070	6220	191
17070	19067	5240	191
0	18615	4165	105
1	18615	4165	105
18615	1	4906	105
2	18615	4165	105
18615	2	4906	105
3	18615	4165	105
18615	3	4906	105
4	18615	4165	105
18615	4	4906	105
5	18615	4165	105
18615	5	4906	105
6	18615	4165	105
18615	6	4906	105
7	18615	4165	105
18615	7	4906	105
18615	8	4906	105
17853	18615	5768	139
18615	17853	5899	139
18624	18615	2218	63
18615	18624	337	63
17345	18615	8679	201
18615	17345	8234	201
17220	18615	10112	232
18615	17220	9447	232
18252	18615	3451	89
18615	18252	-1202	89
19149	18615	8104	189
18615	19149	7565	189
17872	18615	4089	103
18615	17872	2009	103
17502	18615	8963	207
18615	17502	8345	207
17512	18615	9024	209
18615	17512	9165	209
17772	18615	3847	98
18615	17772	1967	98
19436	18615	7214	170
18615	19436	7330	170
19440	18615	6771	160
18615	19440	6953	160
18932	18615	6934	164
18615	18932	5897	164
18037	18615	4694	116
18615	18037	4377	116
19444	18615	7809	183
18615	19444	7070	183
19063	18615	9210	213
18615	19063	8652	213
19067	18615	7410	174
18615	19067	4455	174
0	17853	6799	158
1	17853	6799	158
17853	1	7409	158
2	17853	6799	158
17853	2	7409	158
3	17853	6799	158
17853	3	7409	158
4	17853	6799	158
17853	4	7409	158
5	17853	6799	158
17853	5	7409	158
6	17853	6799	158
17853	6	7409	158
7	17853	6799	158
17853	7	7409	158
17853	8	7409	158
18624	17853	5496	130
17853	18624	3483	130
17345	17853	3269	83
17853	17345	2693	83
17220	17853	3734	93
17853	17220	2938	93
18252	17853	3728	92
17853	18252	-1057	92
19149	17853	8953	204
17853	19149	8283	204
17872	17853	1780	51
17853	17872	-429	51
17502	17853	3553	89
17853	17502	2804	89
17512	17853	4655	112
17853	17512	4666	112
17772	17853	1971	55
17853	17772	-38	55
19436	17853	7684	177
17853	19436	7670	177
19440	17853	7242	168
17853	19440	7293	168
18932	17853	7405	171
17853	18932	6237	171
18037	17853	6352	149
17853	18037	5903	149
19444	17853	8279	190
17853	19444	7409	190
19063	17853	8635	198
17853	19063	7946	198
19067	17853	9262	211
17853	19067	6176	211
0	18624	127	58
1	18624	127	58
18624	1	2750	58
2	18624	127	58
18624	2	2750	58
3	18624	127	58
18624	3	2750	58
4	18624	127	58
18624	4	2750	58
5	18624	127	58
18624	5	2750	58
6	18624	127	58
18624	6	2750	58
7	18624	127	58
18624	7	2750	58
18624	8	2750	58
17345	18624	5295	169
18624	17345	6732	169
17220	18624	7612	219
18624	17220	8828	219
18252	18624	-353	48
18624	18252	-3126	48
19149	18624	4066	143
18624	19149	5409	143
17872	18624	1552	89
18624	17872	1355	89
17502	18624	5579	175
18624	17502	6843	175
17512	18624	5218	168
18624	17512	7242	168
17772	18624	2364	106
18624	17772	2366	106
19436	18624	3176	124
18624	19436	5174	124
19440	18624	2733	114
18624	19440	4797	114
18932	18624	2896	118
18624	18932	3741	118
18037	18624	656	70
18624	18037	2221	70
19444	18624	3771	137
18624	19444	4914	137
19063	18624	5172	167
18624	19063	6496	167
19067	18624	3372	128
18624	19067	2299	128
0	17345	5976	153
1	17345	5976	153
17345	1	7162	153
2	17345	5976	153
17345	2	7162	153
3	17345	5976	153
17345	3	7162	153
4	17345	5976	153
17345	4	7162	153
5	17345	5976	153
17345	5	7162	153
6	17345	5976	153
17345	6	7162	153
7	17345	5976	153
17345	7	7162	153
17345	8	7162	153
17220	17345	4067	112
17345	17220	3847	112
18252	17345	4463	121
17345	18252	254	121
19149	17345	6190	158
17345	19149	6096	158
17872	17345	3485	100
17345	17872	1851	100
17502	17345	-892	6
17345	17502	-1065	6
17512	17345	209	29
17345	17512	796	29
17772	17345	4873	129
17345	17772	3439	129
19436	17345	5760	148
17345	19436	6322	148
19440	17345	5402	141
17345	19440	6029	141
18932	17345	5565	144
17345	18932	4973	144
18037	17345	5529	143
17345	18037	5656	143
19444	17345	5332	139
17345	19444	5038	139
19063	17345	5119	135
17345	19063	5006	135
19067	17345	7515	186
17345	19067	5004	186
0	17220	9631	236
1	17220	9631	236
17220	1	11037	236
2	17220	9631	236
17220	2	11037	236
3	17220	9631	236
17220	3	11037	236
4	17220	9631	236
17220	4	11037	236
5	17220	9631	236
17220	5	11037	236
6	17220	9631	236
17220	6	11037	236
7	17220	9631	236
17220	7	11037	236
17220	8	11037	236
18252	17220	6560	170
17220	18252	2570	170
19149	17220	10938	264
17220	19149	11064	264
17872	17220	4936	135
17220	17872	3522	135
17502	17220	4131	118
17220	17502	4178	118
17512	17220	4889	134
17220	17512	5695	134
17772	17220	5387	145
17220	17772	4173	145
19436	17220	9733	238
17220	19436	10515	238
19440	17220	9290	229
17220	19440	10138	229
18932	17220	9453	232
17220	18932	9081	232
18037	17220	9184	226
17220	18037	9531	226
19444	17220	10080	246
17220	19444	10006	246
19063	17220	9867	241
17220	19063	9974	241
19067	17220	11490	276
17220	19067	9199	276
0	18252	-2021	72
1	18252	-2021	72
18252	1	3373	72
2	18252	-2021	72
18252	2	3373	72
3	18252	-2021	72
18252	3	3373	72
4	18252	-2021	72
18252	4	3373	72
5	18252	-2021	72
18252	5	3373	72
6	18252	-2021	72
18252	6	3373	72
7	18252	-2021	72
18252	7	3373	72
18252	8	3373	72
19149	18252	470	125
18252	19149	4585	125
17872	18252	-2889	53
18252	17872	-314	53
17502	18252	538	127
18252	17502	4574	127
17512	18252	177	119
18252	17512	4973	119
17772	18252	-769	99
18252	17772	2005	99
19436	18252	-798	98
18252	19436	3972	98
19440	18252	-1241	89
18252	19440	3595	89
18932	18252	-1078	92
18252	18932	2538	92
18037	18252	-2469	62
18252	18037	1867	62
19444	18252	-203	111
18252	19444	3711	111
19063	18252	800	132
18252	19063	4896	132
19067	18252	519	126
18252	19067	2218	126
0	19149	3045	92
1	19149	3045	92
19149	1	4326	92
2	19149	3045	92
19149	2	4326	92
3	19149	3045	92
19149	3	4326	92
4	19149	3045	92
19149	4	4326	92
5	19149	3045	92
19149	5	4326	92
6	19149	3045	92
19149	6	4326	92
7	19149	3045	92
19149	7	4326	92
19149	8	4326	92
17872	19149	6756	172
19149	17872	5216	172
17502	19149	5803	151
19149	17502	5724	151
17512	19149	5000	134
19149	17512	5681	134
17772	19149	9049	221
19149	17772	7710	221
19436	19149	-9	27
19149	19436	646	27
19440	19149	431	36
19149	19440	1152	36
18932	19149	444	36
19149	18932	-53	36
18037	19149	2598	83
19149	18037	2820	83
19444	19149	-342	20
19149	19444	-541	20
19063	19149	455	37
19149	19063	436	37
19067	19149	173	31
19149	19067	-2242	31
0	17872	2756	119
1	17872	2756	119
17872	1	5576	119
2	17872	2756	119
17872	2	5576	119
3	17872	2756	119
17872	3	5576	119
4	17872	2756	119
17872	4	5576	119
5	17872	2756	119
17872	5	5576	119
6	17872	2756	119
17872	6	5576	119
7	17872	2756	119
17872	7	5576	119
17872	8	5576	119
17502	17872	2135	106
17872	17502	3596	106
17512	17872	2616	116
17872	17512	4837	116
17772	17872	-140	57
17872	17772	59	57
19436	17872	3947	145
17872	19436	6143	145
19440	17872	3505	135
17872	19440	5766	135
18932	17872	3668	139
17872	18932	4710	139
18037	17872	2309	109
17872	18037	4071	109
19444	17872	4542	157
17872	19444	5883	157
19063	17872	4924	165
17872	19063	6445	165
19067	17872	5298	173
17872	19067	4422	173
0	17502	5510	147
1	17502	5510	147
17502	1	6869	147
2	17502	5510	147
17502	2	6869	147
3	17502	5510	147
17502	3	6869	147
4	17502	5510	147
17502	4	6869	147
5	17502	5510	147
17502	5	6869	147
6	17502	5510	147
17502	6	6869	147
7	17502	5510	147
17502	7	6869	147
17502	8	6869	147
17512	17502	-256	23
17502	17512	503	23
17772	17502	4984	135
17502	17772	3722	135
19436	17502	5294	142
17502	19436	6028	142
19440	17502	4936	134
17502	19440	5736	134
18932	17502	5099	138
17502	18932	4680	138
18037	17502	5063	137
17502	18037	5363	137
19444	17502	4866	133
17502	19444	4745	133
19063	17502	4653	128
17502	19063	4713	128
19067	17502	7049	180
17502	19067	4711	180
0	17512	5592	132
1	17512	5592	132
17512	1	6191	132
2	17512	5592	132
17512	2	6191	132
3	17512	5592	132
17512	3	6191	132
4	17512	5592	132
17512	4	6191	132
5	17512	5592	132
17512	5	6191	132
6	17512	5592	132
17512	6	6191	132
7	17512	5592	132
17512	7	6191	132
17512	8	6191	132
17772	17512	6845	159
17512	17772	4825	159
19436	17512	5250	125
17512	19436	5225	125
19440	17512	5018	120
17512	19440	5058	120
18932	17512	5181	123
17512	18932	4002	123
18037	17512	5144	123
17512	18037	4685	123
19444	17512	4823	116
17512	19444	3942	116
19063	17512	4610	111
17512	19063	3910	111
19067	17512	7005	162
17512	19067	3908	162
0	17772	5117	165
1	17772	5117	165
17772	1	7737	165
2	17772	5117	165
17772	2	7737	165
3	17772	5117	165
17772	3	7737	165
4	17772	5117	165
17772	4	7737	165
5	17772	5117	165
17772	5	7737	165
6	17772	5117	165
17772	6	7737	165
7	17772	5117	165
17772	7	7737	165
17772	8	7737	165
19436	17772	6440	194
17772	19436	8436	194
19440	17772	5998	184
17772	19440	8059	184
18932	17772	6161	188
17772	18932	7003	188
18037	17772	4770	158
17772	18037	6332	158
19444	17772	7035	206
17772	19444	8176	206
19063	17772	7804	223
17772	19063	9125	223
19067	17772	7759	222
17772	19067	6683	222
0	19436	2432	65
1	19436	2432	65
19436	1	3056	65
2	19436	2432	65
19436	2	3056	65
3	19436	2432	65
19436	3	3056	65
4	19436	2432	65
19436	4	3056	65
5	19436	2432	65
19436	5	3056	65
6	19436	2432	65
19436	6	3056	65
7	19436	2432	65
19436	7	3056	65
19436	8	3056	65
19440	19436	-181	9
19436	19440	-116	9
18932	19436	-168	9
19436	18932	-1322	9
18037	19436	1985	55
19436	18037	1551	55
19444	19436	-29	12
19436	19444	-884	12
19063	19436	1372	42
19436	19063	697	42
19067	19436	1561	46
19436	19067	-1510	46
0	19440	2055	56
1	19440	2055	56
19440	1	2614	56
2	19440	2055	56
19440	2	2614	56
3	19440	2055	56
19440	3	2614	56
4	19440	2055	56
19440	4	2614	56
5	19440	2055	56
19440	5	2614	56
6	19440	2055	56
19440	6	2614	56
7	19440	2055	56
19440	7	2614	56
19440	8	2614	56
18932	19440	-395	3
19440	18932	-1614	3
18037	19440	1608	46
19440	18037	1108	46
19444	19440	478	22
19440	19444	-442	22
19063	19440	1880	52
19440	19063	1139	52
19067	19440	1691	48
19440	19067	-1446	48
0	18932	999	59
1	18932	999	59
18932	1	2777	59
2	18932	999	59
18932	2	2777	59
3	18932	999	59
18932	3	2777	59
4	18932	999	59
18932	4	2777	59
5	18932	999	59
18932	5	2777	59
6	18932	999	59
18932	6	2777	59
7	18932	999	59
18932	7	2777	59
18932	8	2777	59
18037	18932	552	49
18932	18037	1271	49
19444	18932	-727	22
18932	19444	-428	22
19063	18932	674	52
18932	19063	1153	52
19067	18932	308	44
18932	19067	-1609	44
0	18037	-529	11
1	18037	-529	11
18037	1	529	11
2	18037	-529	11
18037	2	529	11
3	18037	-529	11
18037	3	529	11
4	18037	-529	11
18037	4	529	11
5	18037	-529	11
18037	5	529	11
6	18037	-529	11
18037	6	529	11
7	18037	-529	11
18037	7	529	11
18037	8	529	11
19444	18037	2146	68
18037	19444	1725	68
19063	18037	3547	98
18037	19063	3306	98
19067	18037	2580	77
18037	19067	-57	77
0	19444	2172	78
1	19444	2172	78
19444	1	3651	78
2	19444	2172	78
19444	2	3651	78
3	19444	2172	78
19444	3	3651	78
4	19444	2172	78
19444	4	3651	78
5	19444	2172	78
19444	5	3651	78
6	19444	2172	78
19444	6	3651	78
7	19444	2172	78
19444	7	3651	78
19444	8	3651	78
19063	19444	38	32
19444	19063	218	32
19067	19444	754	47
19444	19067	-1462	47
0	19063	3754	108
1	19063	3754	108
19063	1	5053	108
2	19063	3754	108
19063	2	5053	108
3	19063	3754	108
19063	3	5053	108
4	19063	3754	108
19063	4	5053	108
5	19063	3754	108
19063	5	5053	108
6	19063	3754	108
19063	6	5053	108
7	19063	3754	108
19063	7	5053	108
19063	8	5053	108
19067	19063	1768	65
19063	19067	-628	65
0	19067	-47	78
1	19067	-47	78
19067	1	3648	78
2	19067	-47	78
19067	2	3648	78
3	19067	-47	78
19067	3	3648	78
4	19067	-47	78
19067	4	3648	78
5	19067	-47	78
19067	5	3648	78
6	19067	-47	78
19067	6	3648	78
7	19067	-47	78
19067	7	3648	78
19067	8	3648	78
