<<<<<<< HEAD
Cost:-1680.0
=======
<<<<<<< HEAD
Cost:-19116.0
>>>>>>> 70b2871f552f6d1e46ff83327f321ff57dcaefb1
len:8
18463
18464
18336
18453
18801
18846
18452
18463
len:7
18463
18451
18336
18453
18403
18452
18463
len:8
<<<<<<< HEAD
18463
18801
18623
18846
18706
18518
18505
18463
=======
18014
18972
18917
18969
19139
19130
19008
18014
len:6
18014
17364
17563
17512
17538
18014
len:7
18014
19518
19503
18031
19605
17036
18014
len:7
18014
18972
19103
19148
19032
19405
18014
len:7
18014
19518
19335
19139
19103
19111
18014
len:7
18014
19503
18969
19103
19124
19035
18014
len:6
18014
19518
18074
18969
18942
18014
len:7
18014
19503
19335
19130
19148
19120
18014
=======
Cost:-5697.0
len:7
18463
18451
18336
18453
18403
18452
18463
len:8
18463
18336
18453
18801
18846
18623
18706
18463
len:7
18463
18451
18453
18403
18452
18505
18463
>>>>>>> 9454b6d581a83d070a711ce65399f5145ac3b326
>>>>>>> 70b2871f552f6d1e46ff83327f321ff57dcaefb1
