Depot: 17728
Number of vehicles5
Route	Cost
Depot: 16130
Number of vehicles2
Route	Cost
[16130, 16023, 16056, 15065, 15112, 15208, 16063, 16116, 16130, 16405, 16214, 16258, 16234, 16254, 16049, 16028, 16130]	294.8469999999999
[16130, 16037, 15106, 15208, 15112, 15211, 16056, 16061, 16130, 16417, 16401, 16406, 16317, 16342, 16130]	253.302
Depot: 15427
Number of vehicles5
Route	Cost
[15427, 17238, 17229, 15537, 15522, 15628, 15427]	208.18
[15427, 15521, 17255, 17239, 17252, 15744, 16222, 15147, 15427]	307.594
[15427, 15642, 15671, 15713, 15774, 15681, 15626, 15427]	133.18199999999996
[15427, 15642, 15946, 15940, 15775, 15771, 15427]	179.011
[15427, 15642, 15459, 15468, 15434, 15401, 15436, 15427]	148.848
Depot: 15824
Number of vehicles4
Route	Cost
Depot: 18014
Number of vehicles6
Route	Cost
[18014, 17322, 17352, 17560, 17584, 17502, 17022, 18014]	189.67899999999997
[18014, 17022, 17512, 17003, 19567, 19565, 19601, 19609, 19533, 18014]	172.123
[18014, 18439, 18417, 18844, 18828, 18829, 17560, 18014]	309.44899999999996
[18014, 19317, 19022, 19074, 19121, 19119, 18917, 19460, 19533, 18014, 18466, 18403, 18411, 18615, 18702, 18218, 18252, 18014]	307.195
[18014, 17320, 17007, 17024, 17061, 17963, 18252, 18014]	236.348
[18014, 17581, 17320, 17014, 17853, 18214, 18014]	252.95900000000003
