Depot: 17728
Number of vehicles2.0
Route	Cost
[17728, 18619, 16935, 16915, 16927, 17728]	169.155
[17728, 17061, 17941, 17972, 17985, 17832, 17772, 17728]	165.564
Depot: 16130
Number of vehicles2.0
Route	Cost
[16130, 16301, 16364, 16061, 16057, 16130]	93.30999999999999
[16130, 16316, 16146, 16159, 16123, 16102, 16130, 16507, 16504, 16405, 16345, 16329, 16351, 16130]	246.785
Depot: 15427
Number of vehicles4.0
Route	Cost
[15427, 15377, 15323, 15019, 15060, 15219, 15210, 15427]	85.764
[15427, 15479, 15644, 15104, 15120, 15241, 15427]	74.011
[15427, 15045, 15122, 15224, 15201, 15209, 15204, 15427]	55.215999999999994
[15427, 15413, 15428, 15631, 15456, 15436, 15458, 15427]	64.37899999999999
Depot: 16650
Number of vehicles2.0
Route	Cost
[16650, 15661, 15462, 15628, 16650]	127.94599999999997
[16650, 16689, 17071, 17220, 16685, 16650, 15537, 15545, 15905, 15901, 15952, 16650]	191.96099999999996
Depot: 19372
Number of vehicles2.0
Route	Cost
[19372, 19086, 19078, 19023, 19143, 19125, 19130, 19010, 19372]	62.342
[19372, 17509, 19335, 19372]	24.198999999999998
Depot: 17582
Number of vehicles2.0
Route	Cost
[17582, 17522, 19501, 17557, 17352, 17363, 17349, 17582]	94.101
[17582, 17112, 17853, 17841, 17059, 17024, 17007, 17582]	138.50199999999998
Depot: 15824
Number of vehicles3.0
Route	Cost
[15824, 15764, 16249, 15946, 16630, 16641, 16627, 15742, 15824]	131.49499999999998
[15824, 15732, 15690, 15076, 15237, 15042, 16063, 15824]	181.041
[15824, 16878, 16865, 16871, 15861, 15824]	120.673
Depot: 18014
Number of vehicles2.0
Route	Cost
[18014, 19422, 19428, 19012, 19115, 19053, 18938, 18014]	93.82799999999999
[18014, 18955, 18087, 18067, 18014, 18072, 18344, 18505, 18504, 18512, 18235, 18014]	158.90699999999998
Depot: 18463
Number of vehicles1.0
Route	Cost
[18463, 18512, 18403, 18421, 18437, 18337, 18425, 18463]	97.258
