Depot: 17728
Number of vehicles2.0
Route	Cost
[17728, 17772, 18617, 18705, 18640, 17728]	120.14799999999998
[17728, 17801, 17860, 17881, 17889, 17845, 17728, 16925, 18829, 18833, 17771, 17728]	217.39899999999997
Depot: 16130
Number of vehicles2.0
Route	Cost
[16130, 16050, 16218, 15147, 15238, 15136, 15143, 16130]	143.13599999999997
[16130, 16342, 16417, 16507, 16441, 16329, 16130, 16116, 16157, 16156, 16130]	222.306
Depot: 15427
Number of vehicles2.0
Route	Cost
[15427, 15340, 15071, 15217, 15235, 15132, 15473, 15475, 15427]	85.89
[15427, 15329, 15475, 15468, 15631, 15683, 15427]	67.382
Depot: 16650
Number of vehicles1.0
Route	Cost
[16650, 15942, 15953, 15936, 15558, 15522, 16650, 17051, 17009, 17224, 16650]	238.51100000000002
Depot: 19372
Number of vehicles1.0
Route	Cost
[19372, 19050, 19120, 19111, 19053, 19040, 19031, 19372]	82.005
Depot: 17582
Number of vehicles2.0
Route	Cost
[17582, 17529, 17349, 17362, 17502, 17582]	93.716
[17582, 17026, 17963, 17981, 17851, 17976, 19501, 17582]	139.174
Depot: 15824
Number of vehicles2.0
Route	Cost
[15824, 16830, 15714, 16636, 16627, 15771, 15770, 15824]	145.36899999999997
[15824, 15821, 16927, 16740, 15824, 15771, 15774, 15701, 15717, 15954, 15824]	258.251
Depot: 18014
Number of vehicles1.0
Route	Cost
[18014, 19435, 19522, 17925, 18214, 18248, 17948, 18014]	111.25100000000002
Depot: 18463
Number of vehicles1.0
Route	Cost
[18463, 18512, 18507, 18702, 18844, 18453, 18463, 18466, 18324, 18301, 18463]	162.827
