Depot: 17728
Number of vehicles2.0
Route	Cost
[17728, 17014, 17094, 17101, 17070, 17855, 17728]	144.54999999999998
[17728, 17968, 17938, 17954, 17965, 17872, 17824, 17728]	125.88099999999999
Depot: 16130
Number of vehicles2.0
Route	Cost
[16130, 16049, 16210, 16025, 16037, 15066, 16121, 16130]	135.60399999999998
[16130, 16502, 16428, 16441, 16362, 16374, 16130]	135.751
Depot: 15427
Number of vehicles2.0
Route	Cost
[15427, 15313, 15071, 15050, 15136, 15120, 15067, 15427]	83.797
[15427, 15475, 15428, 15440, 15697, 15698, 15063, 15427]	111.56599999999999
Depot: 16650
Number of vehicles1.0
Route	Cost
[16650, 16839, 17051, 17224, 17238, 15537, 16650]	171.26899999999995
Depot: 19372
Number of vehicles1.0
Route	Cost
[19372, 19095, 19053, 19143, 19018, 19022, 19373, 19372]	82.922
Depot: 17582
Number of vehicles2.0
Route	Cost
[17582, 19601, 18901, 19118, 19111, 19135, 19034, 17582]	151.893
[17582, 17563, 17536, 19348, 19380, 19543, 17572, 17582]	93.177
Depot: 15824
Number of vehicles2.0
Route	Cost
[15824, 16627, 16636, 15501, 15901, 15949, 15613, 15824]	183.127
[15824, 15780, 15759, 15774, 15784, 15711, 15824, 16738, 15845, 15857, 15827, 15821, 15824]	196.154
Depot: 18014
Number of vehicles1.0
Route	Cost
[18014, 18072, 18014, 18071, 18062, 18074, 18955, 18972, 18014]	108.79400000000001
Depot: 18463
Number of vehicles1.0
Route	Cost
[18463, 18706, 18446, 18821, 18337, 18438, 18466, 18463]	163.66
