Depot: 17728
Number of vehicles1.0
Route	Cost
[17728, 17941, 17042, 17339, 17070, 17101, 17777, 17728, 17763, 18831, 16929, 16940, 17728]	269.05199999999996
Depot: 16130
Number of vehicles1.0
Route	Cost
[16130, 15089, 15133, 15221, 15220, 15233, 15212, 16102, 16130, 16504, 16507, 16502, 16405, 16350, 16329, 16130]	285.614
Depot: 15427
Number of vehicles1.0
Route	Cost
[15427, 15340, 15050, 15059, 16120, 16037, 15090, 15427]	117.46
Depot: 16650
Number of vehicles1.0
Route	Cost
[16650, 17094, 17853, 17860, 17935, 17954, 17957, 17098, 17048, 16650, 15901, 15958, 15942, 16650]	302.36499999999995
Depot: 19372
Number of vehicles1.0
Route	Cost
[19372, 17867, 17086, 17024, 17103, 17502, 19372, 19335, 19120, 19124, 19067, 18977, 19001, 19034, 19436, 19401, 19372]	275.88399999999996
Depot: 17582
Number of vehicles2.0
Route	Cost
[17582, 15533, 17223, 17215, 17262, 17071, 17024, 17007, 17582, 19008, 19010, 19095, 18942, 18930, 18955, 17582]	311.35299999999995
[17582, 17345, 17502, 17349, 17309, 17403, 17582, 19111, 19001, 18955, 18069, 19541, 19609, 17582]	242.01099999999997
Depot: 15824
Number of vehicles1.0
Route	Cost
[15824, 16651, 16620, 16871, 16830, 15824, 15849, 15823, 15824, 15860, 16233, 16331, 15690, 15774, 15701, 15824]	269.96899999999994
Depot: 18014
Number of vehicles1.0
Route	Cost
[18014, 18846, 18623, 18453, 18464, 18451, 18014, 19606, 18927, 19034, 19444, 19406, 18014]	288.939
Depot: 18463
Number of vehicles1.0
Route	Cost
[18463, 19081, 19022, 19153, 19401, 19120, 19124, 18977, 18942, 18463, 18403, 18452, 18518, 18706, 17967, 17935, 18463]	306.80999999999995
